    time       Av       Aa          Ai          Aw         Rv         Rm
1      0 99.00000 1.000000  0.00000000 0.000000000 10.0000000 0.00000000
2      2 98.79986 1.102680  0.09535754 0.002097038  9.9039485 0.09595437
3      4 98.60718 1.200594  0.18786819 0.004361847  9.8112750 0.18834376
4      6 98.38881 1.301535  0.30286944 0.006788047  9.6969117 0.30222537
5      8 97.78752 1.430524  0.77236493 0.009589346  9.2427686 0.75548539
6     10 95.17548 1.605279  3.20392627 0.015315230  7.1806410 2.81403860
7     12 92.69255 1.761309  5.52069088 0.025450017  5.6058045 4.38159061
8     14 90.48156 1.898656  7.58072862 0.039054288  4.4701833 5.50726283
9     16 88.50863 2.019755  9.41630253 0.055308173  3.6342910 6.33127509
10    18 86.74495 2.126676 11.05484140 0.073530674  3.0073999 6.94486079
11    20 85.16586 2.221186 12.51979838 0.093157487  2.5291750 7.40871109
12    22 83.75014 2.304798 13.83133979 0.113722460  2.1586376 7.76406024
13    24 82.47945 2.378817 15.00689050 0.134842138  1.8674363 8.03944656
14    26 81.33785 2.444371 16.06157448 0.156202731  1.6355941 8.25498574
15    28 80.31144 2.502437 17.00857158 0.177549166  1.4488131 8.42508005
16    30 79.38805 2.553867 17.85941074 0.198675821  1.2966974 8.56020529
17    32 78.55697 2.599404 18.62421169 0.219418696  1.1715813 8.66808909
18    34 77.80877 2.639698 19.31188535 0.239648788  1.0677387 8.75450600
19    36 77.13511 2.675321 19.93030172 0.259266454  0.9808369 8.82382682
20    38 76.52860 2.706775 20.48643040 0.278196645  0.9075615 8.87939704
21    40 75.98265 2.734505 20.98645803 0.296384878  0.8453490 8.92380458
22    42 75.49141 2.758903 21.43589521 0.313793631  0.7921926 8.95907674
23    44 75.04963 2.780316 21.83965548 0.330399612  0.7465104 8.98681189
24    46 74.65263 2.799053 22.20212384 0.346191352  0.7070480 9.00827834
25    48 74.29621 2.815388 22.52723415 0.361166738  0.6727923 9.02450040
26    50 73.97659 2.829565 22.81851247 0.375331510  0.6429259 9.03630531
27    52 73.69037 2.841804 23.07912710 0.388697653  0.6167817 9.04436826
28    54 73.43449 2.852297 23.31193015 0.401282080  0.5938109 9.04924494
29    56 73.20618 2.861220 23.51949034 0.413105641  0.5735610 9.05139382
30    58 73.00295 2.868728 23.70412615 0.424192144  0.5556549 9.05119694
31    60 72.82253 2.874962 23.86793604 0.434567605  0.5397768 9.04897457
32    62 72.66284 2.880047 24.01285644 0.444259639  0.5256579 9.04499924
33    64 72.52156 2.884101 24.14104622 0.453297220  0.5130420 9.03953037
34    66 72.39188 2.887280 24.25912232 0.461713579  0.5013887 9.03311096
35    68 72.22486 2.890087 24.41547122 0.469580775  0.4873733 9.02906522
36    70 71.95727 2.892887 24.67273870 0.477107343  0.4670966 9.03128201
37    72 71.69046 2.895006 24.93011013 0.484424277  0.4475532 9.03276102
38    74 71.45264 2.896358 25.15948755 0.491511189  0.4304139 9.03183536
39    76 71.24253 2.897014 25.36212299 0.498335873  0.4154092 9.02877904
40    78 71.05755 2.897045 25.54053586 0.504873577  0.4022338 9.02390151
41    80 70.89531 2.896513 25.69707454 0.511106689  0.3906292 9.01746448
42    82 70.75364 2.895476 25.83385722 0.517023633  0.3803795 9.00968685
43    84 70.63061 2.893985 25.95278960 0.522617860  0.3713033 9.00075244
44    86 70.52444 2.892085 26.05558687 0.527886975  0.3632476 8.99081645
45    88 70.43356 2.889817 26.14379406 0.532831991  0.3560825 8.98001058
46    90 70.35652 2.887219 26.21880443 0.537456687  0.3496973 8.96844718
47    92 70.29203 2.884323 26.28187699 0.541767072  0.3439971 8.95622261
48    94 70.23891 2.881160 26.33415752 0.545770922  0.3388997 8.94342025
49    96 70.19604 2.877756 26.37672795 0.549477434  0.3343320 8.93011436
50    98 70.16212 2.874138 26.41084594 0.552897131  0.3302173 8.91638253
51   100 70.13409 2.870338 26.43953089 0.556043149  0.3264012 8.90237977
52   102 70.09859 2.866427 26.47604326 0.558940868  0.3222649 8.88872516
53   104 70.03626 2.862475 26.53961536 0.561650999  0.3169472 8.87627801
54   106 69.96917 2.858409 26.60819320 0.564225956  0.3114835 8.86400140
55   108 69.91179 2.854198 26.66733838 0.566669968  0.3065167 8.85125286
56   110 69.86508 2.849854 26.71608585 0.568975681  0.3020699 8.83801031
57   112 69.82827 2.845389 26.75520325 0.571136908  0.2980920 8.82432581
58   114 69.80046 2.840815 26.78557465 0.573149715  0.2945305 8.81025267
59   116 69.78081 2.836145 26.80803121 0.575012199  0.2913384 8.79583865
60   118 69.76855 2.831389 26.82333328 0.576724174  0.2884742 8.78112579
61   120 69.76298 2.826556 26.83217553 0.578286874  0.2859015 8.76615121
62   122 69.76344 2.821655 26.83520306 0.579702702  0.2835874 8.75094817
63   124 69.76927 2.816693 26.83305837 0.580975058  0.2815007 8.73554831
64   126 69.77964 2.811678 26.82657135 0.582108384  0.2796039 8.71998952
65   128 69.79264 2.806620 26.81763259 0.583109061  0.2778185 8.70435062
66   130 69.80264 2.801536 26.81183634 0.583989588  0.2759212 8.68885481
67   132 69.80431 2.796438 26.81447639 0.584773933  0.2737060 8.67370741
68   134 69.80465 2.791314 26.81855371 0.585481766  0.2714525 8.65862860
69   136 69.80903 2.786159 26.81869634 0.586116738  0.2693692 8.64340984
70   138 69.81822 2.780975 26.81412320 0.586677149  0.2674829 8.62802470
71   140 69.83201 2.775765 26.80506492 0.587161237  0.2657812 8.61248579
72   142 69.85000 2.770533 26.79190213 0.587568046  0.2642469 8.59681079
73   144 69.87180 2.765281 26.77502357 0.587897458  0.2628628 8.58101707
74   146 69.89703 2.760013 26.75480620 0.588150097  0.2616127 8.56512097
75   148 69.92531 2.754732 26.73163392 0.588327253  0.2604808 8.54913865
76   150 69.95615 2.749439 26.70598061 0.588430892  0.2594481 8.53308915
77   152 69.98869 2.744139 26.67870678 0.588463997  0.2584817 8.51700541
78   154 70.02094 2.738835 26.65179382 0.588431861  0.2575081 8.50096103
79   156 70.05047 2.733531 26.62765767 0.588343973  0.2564388 8.48504434
80   158 70.07866 2.728226 26.60490391 0.588210279  0.2553257 8.46920321
81   160 70.10825 2.722918 26.58079468 0.588034864  0.2542687 8.45333764
82   162 70.14013 2.717608 26.55444176 0.587818024  0.2532995 8.43741616
83   164 70.17435 2.712296 26.52579906 0.587559323  0.2524187 8.42143809
84   166 70.21074 2.706984 26.49502068 0.587258520  0.2516201 8.40540985
85   168 70.24911 2.701672 26.46230654 0.586915747  0.2508958 8.38933934
86   170 70.28923 2.696362 26.42787625 0.586531524  0.2502376 8.37323501
87   172 70.33084 2.691055 26.39199359 0.586106778  0.2496355 8.35710676
88   174 70.37354 2.685751 26.35506407 0.585642962  0.2490748 8.34096932
89   176 70.41655 2.680452 26.31785224 0.585142473  0.2485284 8.32484996
90   178 70.45882 2.675158 26.28141633 0.584609320  0.2479587 8.30878597
91   180 70.50028 2.669871 26.24580080 0.584048415  0.2473645 8.29277868
92   182 70.54206 2.664590 26.20988526 0.583462929  0.2467850 8.27678861
93   184 70.58487 2.659315 26.17296244 0.582853838  0.2462449 8.26079114
94   186 70.62887 2.654046 26.13486735 0.582221272  0.2457497 8.24478075
95   188 70.67402 2.648783 26.09563580 0.581565264  0.2452979 8.22875895
96   190 70.72022 2.643527 26.05536603 0.580885983  0.2448860 8.21272937
97   192 70.76735 2.638278 26.01418575 0.580183801  0.2445094 8.19669660
98   194 70.81524 2.633037 25.97226316 0.579459331  0.2441620 8.18066660
99   196 70.86363 2.627804 25.92985741 0.578713527  0.2438349 8.16464838
100  198 70.91209 2.622579 25.88738165 0.577947890  0.2435138 8.14865619
101  200 70.96024 2.617362 25.84523595 0.577164618  0.2431849 8.13270372
102  202 71.00816 2.612154 25.80331620 0.576366033  0.2428519 8.11678730
103  204 71.05633 2.606955 25.76116272 0.575553597  0.2425303 8.10089117
104  206 71.10502 2.601764 25.71849121 0.574727883  0.2422300 8.08500563
105  208 71.15430 2.596583 25.67522715 0.573889089  0.2419533 8.06912820
106  210 71.20416 2.591410 25.63138993 0.573037359  0.2416995 8.05325958
107  212 71.25454 2.586246 25.58703707 0.572172901  0.2414666 8.03740178
108  214 71.30536 2.581091 25.54225117 0.571296039  0.2412518 8.02155762
109  216 71.35650 2.575945 25.49714996 0.570407253  0.2410511 8.00573109
110  218 71.40778 2.570808 25.45190721 0.569507253  0.2408585 7.98992806
111  220 71.45899 2.565681 25.40672797 0.568597057  0.2406670 7.97415540
112  222 71.51007 2.560564 25.36168969 0.567677885  0.2404742 7.95841567
113  224 71.56114 2.555456 25.31664869 0.566750764  0.2402848 7.94270399
114  226 71.61240 2.550358 25.27142453 0.565816278  0.2401048 7.92701425
115  228 71.66393 2.545269 25.22593014 0.564874698  0.2399372 7.91134352
116  230 71.71573 2.540190 25.18015106 0.563926182  0.2397823 7.89569130
117  232 71.76780 2.535120 25.13410843 0.562970881  0.2396396 7.88005828
118  234 71.82009 2.530060 25.08784297 0.562008996  0.2395076 7.86444581
119  236 71.87254 2.525009 25.04141376 0.561040800  0.2393843 7.84885583
120  238 71.92506 2.519969 24.99490316 0.560066678  0.2392669 7.83329105
121  240 71.97757 2.514938 24.94840864 0.559087150  0.2391523 7.81775466
122  242 72.02999 2.509916 24.90198956 0.558102851  0.2390383 7.80224860
123  244 72.08237 2.504905 24.85561172 0.557114378  0.2389262 7.78677168
124  246 72.13478 2.499903 24.80919220 0.556122145  0.2388187 7.77132110
125  248 72.18729 2.494911 24.76267345 0.555126387  0.2387177 7.75589491
126  250 72.23991 2.489929 24.71603667 0.554127246  0.2386238 7.74049246
127  252 72.29263 2.484956 24.66928751 0.553124840  0.2385367 7.72511389
128  254 72.34544 2.479993 24.62244569 0.552119301  0.2384559 7.70975981
129  256 72.39831 2.475040 24.57554173 0.551110799  0.2383804 7.69443120
130  258 72.45119 2.470097 24.52861693 0.550099553  0.2383086 7.67912936
131  260 72.50403 2.465163 24.48171865 0.549085849  0.2382392 7.66385582
132  262 72.55681 2.460239 24.43487964 0.548070028  0.2381710 7.64861159
133  264 72.60953 2.455325 24.38809385 0.547052421  0.2381041 7.63339642
134  266 72.66222 2.450420 24.34132676 0.546033288  0.2380398 7.61820914
135  268 72.71491 2.445526 24.29454765 0.545012796  0.2379790 7.60304868
136  270 72.76763 2.440641 24.24774303 0.543991053  0.2379222 7.58791457
137  272 72.82035 2.435765 24.20091347 0.542968148  0.2378693 7.57280676
138  274 72.87309 2.430899 24.15406847 0.541944169  0.2378200 7.55772554
139  276 72.92581 2.426043 24.10722392 0.540919224  0.2377738 7.54267136
140  278 72.97851 2.421197 24.06040103 0.539893441  0.2377299 7.52764487
141  280 73.03115 2.416360 24.01362328 0.538866985  0.2376877 7.51264679
142  282 73.08372 2.411532 23.96690751 0.537840041  0.2376466 7.49767762
143  284 73.13622 2.406715 23.92025383 0.536812795  0.2376065 7.48273730
144  286 73.18866 2.401907 23.87364819 0.535785399  0.2375679 7.46782533
145  288 73.24106 2.397108 23.82707560 0.534757963  0.2375313 7.45294117
146  290 73.29342 2.392319 23.78052818 0.533730563  0.2374969 7.43808452
147  292 73.34575 2.387540 23.73400535 0.532703259  0.2374648 7.42325530
148  294 73.39804 2.382770 23.68751175 0.531676111  0.2374348 7.40845363
149  296 73.45029 2.378009 23.64105565 0.530649186  0.2374066 7.39367971
150  298 73.50247 2.373258 23.59464805 0.529622562  0.2373798 7.37893386
151  300 73.55459 2.368517 23.54830071 0.528596332  0.2373541 7.36421639
152  302 73.60662 2.363785 23.50202215 0.527570601  0.2373292 7.34952755
153  304 73.65858 2.359062 23.45581337 0.526545472  0.2373051 7.33486730
154  306 73.71046 2.354349 23.40966863 0.525521034  0.2372819 7.32023541
155  308 73.76228 2.349645 23.36358091 0.524497354  0.2372598 7.30563161
156  310 73.81403 2.344951 23.31754602 0.523474481  0.2372390 7.29105571
157  312 73.86572 2.340266 23.27156340 0.522452456  0.2372196 7.27650763
158  314 73.91734 2.335590 23.22563532 0.521431318  0.2372013 7.26198741
159  316 73.96890 2.330923 23.17976611 0.520411108  0.2371841 7.24749513
160  318 74.02038 2.326266 23.13396144 0.519391872  0.2371678 7.23303093
161  320 74.07178 2.321619 23.08822725 0.518373664  0.2371521 7.21859494
162  322 74.12310 2.316980 23.04256782 0.517356542  0.2371371 7.20418724
163  324 74.17432 2.312351 22.99698396 0.516340565  0.2371225 7.18980783
164  326 74.22547 2.307731 22.95147330 0.515325783  0.2371085 7.17545656
165  328 74.27654 2.303120 22.90603258 0.514312237  0.2370952 7.16113328
166  330 74.32752 2.298519 22.86065969 0.513299956  0.2370826 7.14683788
167  332 74.37843 2.293926 22.81535425 0.512288966  0.2370708 7.13257029
168  334 74.42926 2.289343 22.77011738 0.511279292  0.2370597 7.11833050
169  336 74.48001 2.284769 22.72495132 0.510270958  0.2370492 7.10411853
170  338 74.53067 2.280204 22.67985899 0.509263991  0.2370393 7.08993443
171  340 74.58125 2.275648 22.63484337 0.508258422  0.2370298 7.07577823
172  342 74.63174 2.271101 22.58990659 0.507254284  0.2370206 7.06164995
173  344 74.68214 2.266564 22.54504915 0.506251608  0.2370118 7.04754957
174  346 74.73244 2.262035 22.50027005 0.505250422  0.2370034 7.03347699
175  348 74.78267 2.257516 22.45556775 0.504250751  0.2369953 7.01943212
176  350 74.83280 2.253005 22.41094121 0.503252612  0.2369877 7.00541488
177  352 74.88285 2.248504 22.36639019 0.502256019  0.2369806 6.99142521
178  354 74.93281 2.244011 22.32191522 0.501260988  0.2369738 6.97746308
179  356 74.98269 2.239528 22.27751744 0.500267532  0.2369674 6.96352846
180  358 75.03247 2.235053 22.23319831 0.499275668  0.2369614 6.94962137
181  360 75.08217 2.230588 22.18895931 0.498285411  0.2369556 6.93574179
182  362 75.13177 2.226131 22.14480147 0.497296779  0.2369501 6.92188972
183  364 75.18128 2.221683 22.10072506 0.496309790  0.2369447 6.90806510
184  366 75.23070 2.217244 22.05672961 0.495324458  0.2369396 6.89426787
185  368 75.28003 2.212814 22.01281439 0.494340797  0.2369348 6.88049797
186  370 75.32927 2.208393 21.96897884 0.493358816  0.2369302 6.86675532
187  372 75.37842 2.203981 21.92522279 0.492378523  0.2369258 6.85303987
188  374 75.42748 2.199577 21.88154649 0.491399927  0.2369217 6.83935159
189  376 75.47644 2.195182 21.83795047 0.490423035  0.2369178 6.82569043
190  378 75.52532 2.190796 21.79443544 0.489447854  0.2369142 6.81205637
191  380 75.57410 2.186419 21.75100209 0.488474394  0.2369106 6.79844938
192  382 75.62280 2.182051 21.70765090 0.487502663  0.2369073 6.78486943
193  384 75.67139 2.177691 21.66438196 0.486532670  0.2369041 6.77131648
194  386 75.71990 2.173340 21.62119503 0.485564423  0.2369010 6.75779046
195  388 75.76831 2.168998 21.57808971 0.484597927  0.2368980 6.74429132
196  390 75.81664 2.164664 21.53506569 0.483633188  0.2368952 6.73081900
197  392 75.86487 2.160339 21.49212283 0.482670209  0.2368926 6.71737345
198  394 75.91301 2.156023 21.44926120 0.481708994  0.2368901 6.70395461
199  396 75.96105 2.151715 21.40648101 0.480749546  0.2368878 6.69056246
200  398 76.00901 2.147416 21.36378257 0.479791869  0.2368855 6.67719694
201  400 76.05687 2.143125 21.32116618 0.478835967  0.2368834 6.66385803
202  402 76.10464 2.138843 21.27863201 0.477881842  0.2368813 6.65054567
203  404 76.15232 2.134570 21.23618006 0.476929500  0.2368794 6.63725983
204  406 76.19991 2.130305 21.19381016 0.475978943  0.2368775 6.62400044
205  408 76.24740 2.126049 21.15152207 0.475030172  0.2368757 6.61076745
206  410 76.29480 2.121801 21.10931557 0.474083191  0.2368741 6.59756082
207  412 76.34211 2.117561 21.06719053 0.473138000  0.2368725 6.58438048
208  414 76.38933 2.113330 21.02514692 0.472194599  0.2368709 6.57122638
209  416 76.43645 2.109108 20.98318479 0.471252989  0.2368695 6.55809850
210  418 76.48349 2.104894 20.94130423 0.470313172  0.2368682 6.54499677
211  420 76.53043 2.100688 20.89950533 0.469375148  0.2368669 6.53192115
212  422 76.57728 2.096491 20.85778811 0.468438918  0.2368656 6.51887160
213  424 76.62404 2.092302 20.81615251 0.467504482  0.2368644 6.50584807
214  426 76.67071 2.088122 20.77459838 0.466571842  0.2368633 6.49285051
215  428 76.71728 2.083950 20.73312554 0.465640996  0.2368622 6.47987886
216  430 76.76377 2.079786 20.69173380 0.464711944  0.2368612 6.46693307
217  432 76.81016 2.075631 20.65042305 0.463784687  0.2368602 6.45401310
218  434 76.85646 2.071484 20.60919320 0.462859222  0.2368593 6.44111889
219  436 76.90268 2.067345 20.56804420 0.461935550  0.2368585 6.42825039
220  438 76.94880 2.063214 20.52697604 0.461013668  0.2368576 6.41540757
221  440 76.99483 2.059092 20.48598869 0.460093577  0.2368568 6.40259036
222  442 77.04076 2.054978 20.44508208 0.459175275  0.2368561 6.38979873
223  444 77.08661 2.050872 20.40425613 0.458258762  0.2368554 6.37703262
224  446 77.13237 2.046774 20.36351068 0.457344036  0.2368547 6.36429198
225  448 77.17804 2.042685 20.32284559 0.456431095  0.2368540 6.35157677
226  450 77.22362 2.038604 20.28226068 0.455519938  0.2368534 6.33888693
227  452 77.26910 2.034531 20.24175583 0.454610564  0.2368528 6.32622241
228  454 77.31450 2.030466 20.20133092 0.453702971  0.2368523 6.31358317
229  456 77.35981 2.026409 20.16098586 0.452797156  0.2368517 6.30096915
230  458 77.40503 2.022360 20.12072057 0.451893117  0.2368512 6.28838031
231  460 77.45015 2.018319 20.08053496 0.450990854  0.2368508 6.27581659
232  462 77.49519 2.014287 20.04042893 0.450090363  0.2368503 6.26327796
233  464 77.54014 2.010262 20.00040236 0.449191643  0.2368499 6.25076435
234  466 77.58500 2.006246 19.96045511 0.448294691  0.2368494 6.23827573
235  468 77.62978 2.002237 19.92058703 0.447399507  0.2368491 6.22581205
236  470 77.67446 1.998237 19.88079797 0.446506086  0.2368487 6.21337324
237  472 77.71905 1.994244 19.84108778 0.445614427  0.2368483 6.20095927
238  474 77.76356 1.990260 19.80145633 0.444724528  0.2368480 6.18857008
239  476 77.80798 1.986283 19.76190351 0.443836385  0.2368477 6.17620563
240  478 77.85231 1.982315 19.72242921 0.442949996  0.2368474 6.16386587
241  480 77.89655 1.978354 19.68303330 0.442065360  0.2368471 6.15155074
242  482 77.94070 1.974401 19.64371568 0.441182472  0.2368468 6.13926021
243  484 77.98477 1.970456 19.60447619 0.440301332  0.2368465 6.12699423
244  486 78.02874 1.966519 19.56531470 0.439421935  0.2368463 6.11475274
245  488 78.07263 1.962590 19.52623105 0.438544280  0.2368460 6.10253569
246  490 78.11644 1.958669 19.48722511 0.437668363  0.2368458 6.09034304
247  492 78.16015 1.954756 19.44829673 0.436794182  0.2368456 6.07817475
248  494 78.20378 1.950850 19.40944576 0.435921735  0.2368454 6.06603075
249  496 78.24732 1.946952 19.37067209 0.435051017  0.2368452 6.05391101
250  498 78.29078 1.943062 19.33197557 0.434182027  0.2368450 6.04181547
251  500 78.33415 1.939180 19.29335607 0.433314761  0.2368448 6.02974409
252  502 78.37743 1.935305 19.25481347 0.432449217  0.2368447 6.01769682
253  504 78.42063 1.931439 19.21634762 0.431585392  0.2368445 6.00567361
254  506 78.46374 1.927580 19.17795838 0.430723283  0.2368444 5.99367442
255  508 78.50676 1.923728 19.13964560 0.429862887  0.2368442 5.98169920
256  510 78.54970 1.919885 19.10140913 0.429004200  0.2368441 5.96974789
257  512 78.59256 1.916049 19.06324883 0.428147221  0.2368439 5.95782046
258  514 78.63532 1.912220 19.02516455 0.427291945  0.2368438 5.94591685
259  516 78.67801 1.908400 18.98715617 0.426438371  0.2368437 5.93403702
260  518 78.72060 1.904587 18.94922353 0.425586494  0.2368436 5.92218092
261  520 78.76312 1.900782 18.91136651 0.424736313  0.2368435 5.91034850
262  522 78.80554 1.896984 18.87358496 0.423887823  0.2368434 5.89853972
263  524 78.84789 1.893194 18.83587874 0.423041022  0.2368433 5.88675452
264  526 78.89015 1.889411 18.79824770 0.422195907  0.2368432 5.87499287
265  528 78.93232 1.885636 18.76069171 0.421352474  0.2368431 5.86325472
266  530 78.97441 1.881868 18.72321061 0.420510721  0.2368430 5.85154001
267  532 79.01642 1.878108 18.68580425 0.419670645  0.2368429 5.83984870
268  534 79.05834 1.874356 18.64847251 0.418832242  0.2368429 5.82818075
269  536 79.10018 1.870611 18.61121522 0.417995510  0.2368428 5.81653611
270  538 79.14193 1.866874 18.57403227 0.417160444  0.2368427 5.80491473
271  540 79.18361 1.863144 18.53692349 0.416327043  0.2368427 5.79331657
272  542 79.22519 1.859421 18.49988876 0.415495303  0.2368426 5.78174158
273  544 79.26670 1.855706 18.46292792 0.414665220  0.2368425 5.77018971
274  546 79.30812 1.851998 18.42604084 0.413836793  0.2368425 5.75866092
275  548 79.34946 1.848298 18.38922737 0.413010017  0.2368424 5.74715516
276  550 79.39072 1.844605 18.35248737 0.412184889  0.2368424 5.73567239
277  552 79.43190 1.840919 18.31582069 0.411361407  0.2368423 5.72421255
278  554 79.47299 1.837241 18.27922719 0.410539567  0.2368423 5.71277562
279  556 79.51400 1.833570 18.24270673 0.409719366  0.2368422 5.70136153
280  558 79.55493 1.829907 18.20625916 0.408900801  0.2368422 5.68997024
281  560 79.59578 1.826251 18.16988435 0.408083869  0.2368422 5.67860171
282  562 79.63655 1.822602 18.13358216 0.407268567  0.2368421 5.66725589
283  564 79.67723 1.818960 18.09735244 0.406454891  0.2368421 5.65593275
284  566 79.71784 1.815326 18.06119504 0.405642839  0.2368420 5.64463222
285  568 79.75836 1.811699 18.02510984 0.404832407  0.2368420 5.63335427
286  570 79.79880 1.808079 17.98909668 0.404023592  0.2368420 5.62209885
287  572 79.83916 1.804467 17.95315543 0.403216392  0.2368420 5.61086592
288  574 79.87944 1.800861 17.91728593 0.402410802  0.2368419 5.59965543
289  576 79.91964 1.797263 17.88148806 0.401606820  0.2368419 5.58846733
290  578 79.95976 1.793672 17.84576167 0.400804442  0.2368419 5.57730159
291  580 79.99980 1.790089 17.81010662 0.400003666  0.2368419 5.56615816
292  582 80.03976 1.786512 17.77452277 0.399204489  0.2368418 5.55503699
293  584 80.07964 1.782943 17.73900998 0.398406907  0.2368418 5.54393804
294  586 80.11944 1.779380 17.70356811 0.397610917  0.2368418 5.53286127
295  588 80.15916 1.775825 17.66819702 0.396816516  0.2368418 5.52180662
296  590 80.19880 1.772277 17.63289657 0.396023701  0.2368418 5.51077407
297  592 80.23836 1.768736 17.59766662 0.395232469  0.2368417 5.49976355
298  594 80.27785 1.765202 17.56250703 0.394442816  0.2368417 5.48877503
299  596 80.31725 1.761675 17.52741766 0.393654740  0.2368417 5.47780847
300  598 80.35658 1.758155 17.49239837 0.392868238  0.2368417 5.46686381
301  600 80.39583 1.754642 17.45744903 0.392083306  0.2368417 5.45594103
302  602 80.43499 1.751137 17.42256949 0.391299942  0.2368417 5.44504006
303  604 80.47408 1.747638 17.38775962 0.390518142  0.2368416 5.43416088
304  606 80.51310 1.744146 17.35301927 0.389737903  0.2368416 5.42330343
305  608 80.55203 1.740661 17.31834832 0.388959222  0.2368416 5.41246768
306  610 80.59089 1.737184 17.28374662 0.388182096  0.2368416 5.40165357
307  612 80.62967 1.733713 17.24921404 0.387406522  0.2368416 5.39086107
308  614 80.66837 1.730249 17.21475044 0.386632497  0.2368416 5.38009013
309  616 80.70699 1.726792 17.18035567 0.385860018  0.2368416 5.36934071
310  618 80.74554 1.723341 17.14602961 0.385089082  0.2368416 5.35861277
311  620 80.78401 1.719898 17.11177212 0.384319685  0.2368416 5.34790627
312  622 80.82240 1.716462 17.07758306 0.383551825  0.2368416 5.33722115
313  624 80.86072 1.713032 17.04346230 0.382785499  0.2368415 5.32655738
314  626 80.89896 1.709610 17.00940970 0.382020703  0.2368415 5.31591492
315  628 80.93712 1.706194 16.97542512 0.381257435  0.2368415 5.30529373
316  630 80.97521 1.702785 16.94150843 0.380495691  0.2368415 5.29469375
317  632 81.01322 1.699383 16.90765950 0.379735469  0.2368415 5.28411495
318  634 81.05116 1.695987 16.87387819 0.378976766  0.2368415 5.27355729
319  636 81.08902 1.692599 16.84016436 0.378219578  0.2368415 5.26302072
320  638 81.12680 1.689217 16.80651788 0.377463902  0.2368415 5.25250520
321  640 81.16451 1.685842 16.77293862 0.376709736  0.2368415 5.24201069
322  642 81.20214 1.682474 16.73942644 0.375957076  0.2368415 5.23153716
323  644 81.23970 1.679112 16.70598120 0.375205920  0.2368415 5.22108454
324  646 81.27718 1.675757 16.67260279 0.374456264  0.2368415 5.21065281
325  648 81.31459 1.672409 16.63929106 0.373708106  0.2368415 5.20024193
326  650 81.35193 1.669068 16.60604587 0.372961442  0.2368415 5.18985184
327  652 81.38918 1.665733 16.57286711 0.372216270  0.2368415 5.17948251
328  654 81.42637 1.662405 16.53975463 0.371472587  0.2368415 5.16913390
329  656 81.46348 1.659083 16.50670830 0.370730389  0.2368415 5.15880597
330  658 81.50051 1.655768 16.47372799 0.369989674  0.2368415 5.14849867
331  660 81.53748 1.652460 16.44081357 0.369250438  0.2368415 5.13821197
332  662 81.57436 1.649158 16.40796491 0.368512680  0.2368414 5.12794582
333  664 81.61118 1.645863 16.37518187 0.367776395  0.2368414 5.11770018
334  666 81.64792 1.642575 16.34246433 0.367041581  0.2368414 5.10747501
335  668 81.68459 1.639293 16.30981216 0.366308235  0.2368414 5.09727027
336  670 81.72118 1.636018 16.27722522 0.365576354  0.2368414 5.08708592
337  672 81.75770 1.632749 16.24470339 0.364845935  0.2368414 5.07692192
338  674 81.79415 1.629487 16.21224652 0.364116976  0.2368414 5.06677822
339  676 81.83052 1.626231 16.17985451 0.363389473  0.2368414 5.05665480
340  678 81.86683 1.622982 16.14752721 0.362663423  0.2368414 5.04655159
341  680 81.90306 1.619739 16.11526450 0.361938823  0.2368414 5.03646858
342  682 81.93922 1.616503 16.08306624 0.361215672  0.2368414 5.02640571
343  684 81.97530 1.613273 16.05093232 0.360493965  0.2368414 5.01636295
344  686 82.01131 1.610050 16.01886259 0.359773700  0.2368414 5.00634025
345  688 82.04726 1.606833 15.98685694 0.359054874  0.2368414 4.99633758
346  690 82.08312 1.603622 15.95491523 0.358337484  0.2368414 4.98635489
347  692 82.11892 1.600418 15.92303734 0.357621527  0.2368414 4.97639215
348  694 82.15465 1.597221 15.89122313 0.356907000  0.2368414 4.96644931
349  696 82.19030 1.594030 15.85947249 0.356193901  0.2368414 4.95652634
350  698 82.22589 1.590845 15.82778529 0.355482227  0.2368414 4.94662319
351  700 82.26140 1.587666 15.79616140 0.354771975  0.2368414 4.93673983
352  702 82.29684 1.584494 15.76460068 0.354063142  0.2368414 4.92687622
353  704 82.33221 1.581328 15.73310303 0.353355725  0.2368414 4.91703232
354  706 82.36751 1.578169 15.70166830 0.352649721  0.2368414 4.90720808
355  708 82.40274 1.575016 15.67029638 0.351945127  0.2368414 4.89740348
356  710 82.43790 1.571869 15.63898714 0.351241942  0.2368414 4.88761846
357  712 82.47299 1.568728 15.60774046 0.350540161  0.2368414 4.87785299
358  714 82.50801 1.565594 15.57655620 0.349839783  0.2368414 4.86810703
359  716 82.54296 1.562466 15.54543425 0.349140803  0.2368414 4.85838055
360  718 82.57784 1.559344 15.51437447 0.348443221  0.2368414 4.84867350
361  720 82.61265 1.556228 15.48337676 0.347747032  0.2368414 4.83898585
362  722 82.64739 1.553119 15.45244098 0.347052234  0.2368414 4.82931755
363  724 82.68206 1.550016 15.42156700 0.346358824  0.2368414 4.81966856
364  726 82.71666 1.546919 15.39075471 0.345666799  0.2368414 4.81003886
365  728 82.75119 1.543828 15.36000398 0.344976157  0.2368414 4.80042840
366  730 82.78565 1.540744 15.32931469 0.344286895  0.2368414 4.79083714
367  732 82.82005 1.537665 15.29868672 0.343599010  0.2368414 4.78126504
368  734 82.85437 1.534593 15.26811994 0.342912500  0.2368414 4.77171206
369  736 82.88863 1.531527 15.23761424 0.342227361  0.2368414 4.76217818
370  738 82.92282 1.528467 15.20716948 0.341543591  0.2368414 4.75266334
371  740 82.95694 1.525413 15.17678555 0.340861187  0.2368414 4.74316751
372  742 82.99099 1.522365 15.14646233 0.340180146  0.2368414 4.73369066
373  744 83.02498 1.519323 15.11619969 0.339500466  0.2368414 4.72423274
374  746 83.05889 1.516288 15.08599751 0.338822144  0.2368414 4.71479371
375  748 83.09274 1.513258 15.05585568 0.338145178  0.2368414 4.70537355
376  750 83.12652 1.510235 15.02577408 0.337469564  0.2368414 4.69597221
377  752 83.16023 1.507217 14.99575257 0.336795300  0.2368414 4.68658965
378  754 83.19388 1.504206 14.96579105 0.336122383  0.2368414 4.67722584
379  756 83.22746 1.501201 14.93588939 0.335450810  0.2368414 4.66788073
380  758 83.26097 1.498201 14.90604747 0.334780579  0.2368414 4.65855430
381  760 83.29442 1.495208 14.87626518 0.334111688  0.2368414 4.64924651
382  762 83.32779 1.492220 14.84654239 0.333444132  0.2368414 4.63995730
383  764 83.36110 1.489239 14.81687898 0.332777911  0.2368414 4.63068666
384  766 83.39435 1.486263 14.78727485 0.332113020  0.2368414 4.62143455
385  768 83.42753 1.483294 14.75772986 0.331449459  0.2368414 4.61220091
386  770 83.46064 1.480330 14.72824391 0.330787222  0.2368414 4.60298573
387  772 83.49368 1.477372 14.69881686 0.330126309  0.2368414 4.59378896
388  774 83.52666 1.474421 14.66944861 0.329466717  0.2368414 4.58461056
389  776 83.55958 1.471475 14.64013904 0.328808442  0.2368414 4.57545051
390  778 83.59243 1.468535 14.61088803 0.328151483  0.2368414 4.56630875
391  780 83.62521 1.465601 14.58169546 0.327495836  0.2368414 4.55718526
392  782 83.65792 1.462672 14.55256122 0.326841499  0.2368414 4.54808000
393  784 83.69058 1.459750 14.52348519 0.326188469  0.2368414 4.53899293
394  786 83.72316 1.456833 14.49446725 0.325536745  0.2368414 4.52992401
395  788 83.75568 1.453923 14.46550729 0.324886322  0.2368414 4.52087322
396  790 83.78814 1.451018 14.43660519 0.324237199  0.2368414 4.51184051
397  792 83.82053 1.448118 14.40776084 0.323589373  0.2368414 4.50282584
398  794 83.85286 1.445225 14.37897412 0.322942841  0.2368414 4.49382919
399  796 83.88512 1.442338 14.35024491 0.322297601  0.2368414 4.48485052
400  798 83.91732 1.439456 14.32157311 0.321653650  0.2368414 4.47588978
401  800 83.94945 1.436580 14.29295859 0.321010985  0.2368414 4.46694695
402  802 83.98152 1.433709 14.26440124 0.320369605  0.2368414 4.45802198
403  804 84.01352 1.430845 14.23590095 0.319729506  0.2368414 4.44911485
404  806 84.04547 1.427986 14.20745761 0.319090687  0.2368414 4.44022551
405  808 84.07734 1.425133 14.17907109 0.318453143  0.2368414 4.43135393
406  810 84.10916 1.422286 14.15074129 0.317816873  0.2368414 4.42250008
407  812 84.14091 1.419444 14.12246809 0.317181875  0.2368414 4.41366392
408  814 84.17259 1.416608 14.09425138 0.316548145  0.2368414 4.40484541
409  816 84.20422 1.413777 14.06609105 0.315915682  0.2368414 4.39604453
410  818 84.23578 1.410953 14.03798699 0.315284482  0.2368414 4.38726122
411  820 84.26727 1.408134 14.00993907 0.314654543  0.2368414 4.37849547
412  822 84.29871 1.405320 13.98194720 0.314025863  0.2368414 4.36974723
413  824 84.33008 1.402512 13.95401125 0.313398439  0.2368414 4.36101647
414  826 84.36139 1.399710 13.92613112 0.312772269  0.2368414 4.35230315
415  828 84.39263 1.396913 13.89830669 0.312147349  0.2368414 4.34360725
416  830 84.42382 1.394122 13.87053786 0.311523678  0.2368414 4.33492871
417  832 84.45494 1.391337 13.84282451 0.310901254  0.2368414 4.32626752
418  834 84.48600 1.388557 13.81516653 0.310280073  0.2368414 4.31762363
419  836 84.51699 1.385783 13.78756381 0.309660133  0.2368414 4.30899701
420  838 84.54793 1.383014 13.76001624 0.309041431  0.2368414 4.30038763
421  840 84.57880 1.380251 13.73252371 0.308423966  0.2368414 4.29179545
422  842 84.60961 1.377493 13.70508611 0.307807735  0.2368414 4.28322044
423  844 84.64036 1.374741 13.67770333 0.307192735  0.2368414 4.27466256
424  846 84.67105 1.371994 13.65037526 0.306578963  0.2368414 4.26612178
425  848 84.70168 1.369253 13.62310179 0.305966418  0.2368414 4.25759806
426  850 84.73225 1.366517 13.59588282 0.305355097  0.2368414 4.24909137
427  852 84.76275 1.363787 13.56871823 0.304744997  0.2368414 4.24060168
428  854 84.79319 1.361062 13.54160791 0.304136116  0.2368414 4.23212896
429  856 84.82358 1.358342 13.51455176 0.303528452  0.2368414 4.22367316
430  858 84.85390 1.355628 13.48754967 0.302922002  0.2368414 4.21523425
431  860 84.88416 1.352920 13.46060153 0.302316763  0.2368414 4.20681221
432  862 84.91436 1.350217 13.43370723 0.301712734  0.2368414 4.19840699
433  864 84.94450 1.347519 13.40686667 0.301109911  0.2368414 4.19001857
434  866 84.97459 1.344827 13.38007973 0.300508293  0.2368414 4.18164691
435  868 85.00461 1.342140 13.35334631 0.299907877  0.2368414 4.17329197
436  870 85.03457 1.339458 13.32666631 0.299308661  0.2368414 4.16495373
437  872 85.06447 1.336782 13.30003961 0.298710642  0.2368414 4.15663214
438  874 85.09431 1.334111 13.27346612 0.298113818  0.2368414 4.14832719
439  876 85.12409 1.331445 13.24694571 0.297518186  0.2368414 4.14003882
440  878 85.15381 1.328785 13.22047830 0.296923744  0.2368414 4.13176702
441  880 85.18348 1.326130 13.19406377 0.296330490  0.2368414 4.12351175
442  882 85.21308 1.323481 13.16770201 0.295738422  0.2368414 4.11527296
443  884 85.24262 1.320836 13.14139292 0.295147536  0.2368414 4.10705064
444  886 85.27211 1.318197 13.11513640 0.294557831  0.2368414 4.09884475
445  888 85.30153 1.315564 13.08893235 0.293969304  0.2368414 4.09065525
446  890 85.33090 1.312935 13.06278064 0.293381953  0.2368414 4.08248212
447  892 85.36021 1.310312 13.03668119 0.292795775  0.2368414 4.07432531
448  894 85.38946 1.307694 13.01063388 0.292210769  0.2368414 4.06618481
449  896 85.41865 1.305081 12.98463862 0.291626931  0.2368414 4.05806056
450  898 85.44779 1.302473 12.95869529 0.291044260  0.2368414 4.04995255
451  900 85.47686 1.299871 12.93280380 0.290462754  0.2368414 4.04186074
452  902 85.50588 1.297274 12.90696404 0.289882409  0.2368414 4.03378510
453  904 85.53484 1.294682 12.88117591 0.289303223  0.2368414 4.02572559
454  906 85.56374 1.292095 12.85543931 0.288725195  0.2368414 4.01768219
455  908 85.59258 1.289514 12.82975412 0.288148322  0.2368414 4.00965485
456  910 85.62137 1.286937 12.80412026 0.287572601  0.2368414 4.00164356
457  912 85.65010 1.284366 12.77853761 0.286998030  0.2368414 3.99364827
458  914 85.67877 1.281800 12.75300607 0.286424608  0.2368414 3.98566895
459  916 85.70738 1.279239 12.72752555 0.285852331  0.2368414 3.97770558
460  918 85.73594 1.276683 12.70209594 0.285281198  0.2368414 3.96975812
461  920 85.76444 1.274132 12.67671713 0.284711206  0.2368414 3.96182654
462  922 85.79288 1.271586 12.65138904 0.284142352  0.2368414 3.95391080
463  924 85.82127 1.269046 12.62611154 0.283574636  0.2368414 3.94601088
464  926 85.84960 1.266510 12.60088456 0.283008053  0.2368414 3.93812675
465  928 85.87787 1.263980 12.57570797 0.282442603  0.2368414 3.93025837
466  930 85.90609 1.261454 12.55058169 0.281878282  0.2368414 3.92240570
467  932 85.93425 1.258934 12.52550561 0.281315089  0.2368414 3.91456873
468  934 85.96235 1.256418 12.50047963 0.280753021  0.2368414 3.90674742
469  936 85.99040 1.253908 12.47550366 0.280192076  0.2368414 3.89894173
470  938 86.01839 1.251403 12.45057759 0.279632252  0.2368414 3.89115164
471  940 86.04632 1.248902 12.42570132 0.279073546  0.2368414 3.88337712
472  942 86.07420 1.246407 12.40087475 0.278515957  0.2368414 3.87561812
473  944 86.10203 1.243917 12.37609778 0.277959482  0.2368414 3.86787463
474  946 86.12979 1.241431 12.35137033 0.277404118  0.2368414 3.86014661
475  948 86.15751 1.238951 12.32669227 0.276849864  0.2368414 3.85243404
476  950 86.18516 1.236476 12.30206352 0.276296718  0.2368414 3.84473687
477  952 86.21277 1.234005 12.27748398 0.275744677  0.2368414 3.83705508
478  954 86.24031 1.231540 12.25295355 0.275193739  0.2368414 3.82938864
479  956 86.26780 1.229079 12.22847214 0.274643901  0.2368414 3.82173751
480  958 86.29524 1.226623 12.20403963 0.274095162  0.2368414 3.81410168
481  960 86.32262 1.224173 12.17965595 0.273547520  0.2368414 3.80648110
482  962 86.34995 1.221727 12.15532098 0.273000971  0.2368414 3.79887574
483  964 86.37722 1.219286 12.13103463 0.272455515  0.2368414 3.79128558
484  966 86.40444 1.216849 12.10679681 0.271911149  0.2368414 3.78371059
485  968 86.43161 1.214418 12.08260741 0.271367870  0.2368414 3.77615073
486  970 86.45872 1.211992 12.05846635 0.270825676  0.2368414 3.76860598
487  972 86.48577 1.209570 12.03437351 0.270284566  0.2368414 3.76107630
488  974 86.51277 1.207154 12.01032882 0.269744538  0.2368414 3.75356166
489  976 86.53972 1.204742 11.98633217 0.269205588  0.2368414 3.74606204
490  978 86.56661 1.202335 11.96238346 0.268667714  0.2368414 3.73857740
491  980 86.59345 1.199932 11.93848260 0.268130916  0.2368414 3.73110772
492  982 86.62024 1.197535 11.91462950 0.267595190  0.2368414 3.72365296
493  984 86.64697 1.195142 11.89082405 0.267060535  0.2368414 3.71621310
494  986 86.67365 1.192754 11.86706617 0.266526947  0.2368414 3.70878810
495  988 86.70028 1.190371 11.84335575 0.265994426  0.2368414 3.70137794
496  990 86.72685 1.187993 11.81969271 0.265462969  0.2368414 3.69398258
497  992 86.75337 1.185619 11.79607695 0.264932573  0.2368414 3.68660200
498  994 86.77984 1.183250 11.77250837 0.264403238  0.2368414 3.67923616
499  996 86.80625 1.180886 11.74898689 0.263874960  0.2368414 3.67188504
500  998 86.83261 1.178527 11.72551240 0.263347737  0.2368414 3.66454861
501 1000 86.85892 1.176172 11.70208481 0.262821568  0.2368414 3.65722684
              Rw             x          nv            yv           na
1   0.000000e+00  1.000000e+01    5.000000  5.000000e-01 5.000000e+00
2   9.714441e-05  5.130136e+02    4.979986  9.799230e-01 4.675063e+00
3   3.812011e-04  7.360390e+03    6.176593  1.751738e+01 4.606537e+00
4   8.629141e-04  9.717442e+03   19.112080  9.133599e+01 5.081408e+00
5   1.745968e-03  6.454375e+03 2279.680286  3.377443e+02 7.955810e+00
6   5.320364e-03  1.229124e+00 6595.434707  6.529947e-02 8.095092e+00
7   1.260492e-02  2.134446e-04 6072.781076  1.130824e-05 7.344456e+00
8   2.255387e-02  1.383824e-07 5592.856758  7.297693e-09 6.663694e+00
9   3.443392e-02  5.196265e-08 5152.167798  2.814469e-09 6.046245e+00
10  4.773933e-02  5.169001e-09 4746.999623  2.473894e-10 5.486128e+00
11  6.211396e-02 -5.684415e-09 4374.158436 -3.053038e-10 4.977961e+00
12  7.730213e-02 -1.864309e-08 4030.845020 -1.042301e-09 4.516889e+00
13  9.311710e-02  4.122629e-09 3714.573234  2.074649e-10 4.098522e+00
14  1.094202e-01 -1.499384e-08 3423.113724 -7.116019e-10 3.718890e+00
15  1.261069e-01  3.031378e-08 3154.453592  1.541930e-09 3.374398e+00
16  1.430973e-01 -6.457235e-08 2906.765914 -3.462657e-09 3.061787e+00
17  1.603296e-01  1.371832e-07 2678.386097  7.731414e-09 2.778103e+00
18  1.777553e-01 -2.856446e-07 2467.792966 -1.714413e-08 2.520670e+00
19  1.953362e-01  4.129050e-07 2273.593140  3.288147e-08 2.287058e+00
20  2.130415e-01  4.537170e-07 2094.508098  2.237595e-08 2.075064e+00
21  2.308464e-01  4.432898e-07 1929.363112  2.181897e-08 1.882690e+00
22  2.487307e-01  5.973246e-07 1777.076889  2.916418e-08 1.708120e+00
23  2.666777e-01  1.078866e-06 1636.653993  5.215402e-08 1.549708e+00
24  2.846737e-01  2.550707e-06 1507.178113  1.221155e-07 1.405962e+00
25  3.027073e-01  7.713409e-06 1387.803428  3.654726e-07 1.275525e+00
26  3.207688e-01  2.870046e-05 1277.750162  1.346550e-06 1.157167e+00
27  3.388500e-01  1.309878e-04 1176.298845  6.047377e-06 1.049772e+00
28  3.569441e-01  7.487731e-04 1082.785482  3.409557e-05 9.523256e-01
29  3.750452e-01  5.121886e-03  996.598449  2.298253e-04 8.639079e-01
30  3.931481e-01  4.131480e-02  917.181831  1.824768e-03 7.836847e-01
31  4.112486e-01  3.879911e-01  844.098734  1.685018e-02 7.109054e-01
32  4.293429e-01  4.186517e+00  777.699029  1.786315e-01 6.449506e-01
33  4.474276e-01  5.051366e+01  726.697989  2.123906e+00 5.859339e-01
34  4.655003e-01  5.572937e+02  804.732575  2.421078e+01 5.414134e-01
35  4.835614e-01  1.268367e+03 2175.346605  6.439433e+01 5.468473e-01
36  5.016214e-01  1.053832e+02 3504.172521  5.482387e+00 5.243245e-01
37  5.196858e-01  5.941926e+00 3303.405317  3.077652e-01 4.764861e-01
38  5.377508e-01  5.854684e-01 3014.518713  3.013769e-02 4.316059e-01
39  5.558117e-01  1.011301e-01 2745.327707  5.170262e-03 3.908735e-01
40  5.738647e-01  2.923251e-02 2499.613513  1.483370e-03 3.539770e-01
41  5.919063e-01  1.351007e-02 2275.783853  6.799859e-04 3.205616e-01
42  6.099336e-01  9.573021e-03 2071.956143  4.775670e-04 2.902999e-01
43  6.279443e-01  1.001000e-02 1886.358835  4.945650e-04 2.628945e-01
44  6.459360e-01  1.491863e-02 1717.369391  7.293858e-04 2.380758e-01
45  6.639070e-01  3.069791e-02 1563.512626  1.483825e-03 2.156000e-01
46  6.818555e-01  8.472907e-02 1423.461924  4.045110e-03 1.952461e-01
47  6.997803e-01  3.054835e-01 1296.079940  1.439017e-02 1.768154e-01
48  7.176800e-01  1.403539e+00 1180.669373  6.516935e-02 1.601321e-01
49  7.355536e-01  8.006997e+00 1078.500982  3.662441e-01 1.450627e-01
50  7.534002e-01  5.419273e+01 1003.288677  2.448972e+00 1.316509e-01
51  7.712190e-01  3.581586e+02 1060.487879  1.643264e+01 1.210140e-01
52  7.890099e-01  8.836837e+02 1862.263700  4.413295e+01 1.170242e-01
53  8.067748e-01  2.196236e+02 2997.297631  1.134185e+01 1.121772e-01
54  8.245151e-01  2.616932e+01 2984.778882  1.348812e+00 1.024884e-01
55  8.422305e-01  4.594047e+00 2741.749074  2.352646e-01 9.288334e-02
56  8.599198e-01  1.336213e+00 2494.235724  6.790996e-02 8.409689e-02
57  8.775822e-01  6.270208e-01 2265.262217  3.159966e-02 7.612883e-02
58  8.952168e-01  4.558823e-01 2056.491550  2.276397e-02 6.891297e-02
59  9.128230e-01  4.935950e-01 1866.836168  2.440035e-02 6.238065e-02
60  9.304000e-01  7.670011e-01 1694.895038  3.750314e-02 5.646827e-02
61  9.479473e-01  1.652609e+00 1539.553074  7.985439e-02 5.111878e-02
62  9.654645e-01  4.774409e+00 1400.774498  2.278106e-01 4.628375e-02
63  9.829510e-01  1.778862e+01 1282.724713  8.382012e-01 4.193297e-02
64  1.000407e+00  7.946612e+01 1209.230418  3.714227e+00 3.810161e-02
65  1.017831e+00  3.338129e+02 1301.898312  1.584165e+01 3.508314e-02
66  1.035224e+00  5.969738e+02 1946.810468  2.987149e+01 3.338227e-02
67  1.052587e+00  2.176432e+02 2703.415507  1.116362e+01 3.152898e-02
68  1.069919e+00  4.464250e+01 2739.789523  2.288490e+00 2.885509e-02
69  1.087221e+00  1.204697e+01 2544.571888  6.137617e-01 2.617844e-02
70  1.104492e+00  5.034653e+00 2323.969733  2.545015e-01 2.371028e-02
71  1.121733e+00  3.249675e+00 2114.210334  1.628270e-01 2.146643e-02
72  1.138942e+00  3.139002e+00 1921.685812  1.557653e-01 1.943321e-02
73  1.156120e+00  4.374212e+00 1747.533816  2.147979e-01 1.759341e-02
74  1.173266e+00  8.459898e+00 1592.856964  4.108589e-01 1.593149e-02
75  1.190381e+00  2.169217e+01 1462.629348  1.042110e+00 1.443721e-02
76  1.207463e+00  6.838518e+01 1377.214649  3.260394e+00 1.311598e-02
77  1.224513e+00  2.195739e+02 1414.625290  1.053113e+01 1.201974e-02
78  1.241531e+00  4.349708e+02 1783.082511  2.152960e+01 1.124285e-02
79  1.258517e+00  2.850003e+02 2392.391574  1.448998e+01 1.058200e-02
80  1.275471e+00  8.969056e+01 2584.167251  4.580218e+00 9.746315e-03
81  1.292394e+00  2.958525e+01 2470.241745  1.504338e+00 8.867587e-03
82  1.309284e+00  1.372234e+01 2282.799102  6.928394e-01 8.040837e-03
83  1.326143e+00  9.400981e+00 2090.344007  4.707048e-01 7.284491e-03
84  1.342970e+00  9.372307e+00 1910.187834  4.649663e-01 6.597932e-03
85  1.359765e+00  1.315025e+01 1748.417561  6.460653e-01 5.977059e-03
86  1.376527e+00  2.481433e+01 1611.320278  1.207490e+00 5.418311e-03
87  1.393258e+00  5.869303e+01 1514.994406  2.835145e+00 4.921636e-03
88  1.409956e+00  1.507977e+02 1507.866053  7.289120e+00 4.496007e-03
89  1.426622e+00  3.048306e+02 1704.861975  1.498959e+01 4.159884e-03
90  1.443255e+00  3.018728e+02 2136.809838  1.519869e+01 3.888745e-03
91  1.459857e+00  1.438440e+02 2422.108707  7.311624e+00 3.598916e-03
92  1.476426e+00  5.723679e+01 2411.143563  2.905669e+00 3.287711e-03
93  1.492964e+00  2.795648e+01 2272.703859  1.411405e+00 2.987064e-03
94  1.509470e+00  1.890770e+01 2104.468542  9.475896e-01 2.709089e-03
95  1.525943e+00  1.794606e+01 1939.460031  8.919873e-01 2.455816e-03
96  1.542385e+00  2.332008e+01 1790.817766  1.149169e+00 2.226648e-03
97  1.558794e+00  3.954927e+01 1669.772255  1.933546e+00 2.020834e-03
98  1.575171e+00  8.053744e+01 1597.989722  3.918537e+00 1.838827e-03
99  1.591517e+00  1.674201e+02 1625.487932  8.172329e+00 1.683449e-03
100 1.607830e+00  2.640286e+02 1827.476438  1.307939e+01 1.556700e-03
101 1.624111e+00  2.330819e+02 2148.729770  1.173338e+01 1.445956e-03
102 1.640361e+00  1.257660e+02 2329.010696  6.370438e+00 1.332205e-03
103 1.656579e+00  6.170406e+01 2307.701257  3.120869e+00 1.216434e-03
104 1.672764e+00  3.622925e+01 2189.831573  1.823126e+00 1.105932e-03
105 1.688919e+00  2.811112e+01 2045.048542  1.405131e+00 1.003862e-03
106 1.705041e+00  2.919892e+01 1903.242887  1.448732e+00 9.108977e-04
107 1.721132e+00  3.949129e+01 1780.421430  1.945340e+00 8.269684e-04
108 1.737191e+00  6.546084e+01 1693.691232  3.207102e+00 7.520322e-04
109 1.753218e+00  1.189847e+02 1673.243732  5.824998e+00 6.864758e-04
110 1.769213e+00  1.951789e+02 1766.786833  9.624828e+00 6.308177e-04
111 1.785178e+00  2.247045e+02 1984.899422  1.122369e+01 5.832774e-04
112 1.801110e+00  1.649224e+02 2195.161015  8.313007e+00 5.384725e-04
113 1.817011e+00  9.490684e+01 2259.887953  4.793052e+00 4.935613e-04
114 1.832881e+00  5.658995e+01 2202.090442  2.849974e+00 4.499158e-04
115 1.848719e+00  4.095403e+01 2090.126985  2.051903e+00 4.090537e-04
116 1.864526e+00  3.790463e+01 1965.884393  1.887369e+00 3.715644e-04
117 1.880302e+00  4.460875e+01 1851.883187  2.207296e+00 3.375630e-04
118 1.896047e+00  6.388090e+01 1765.810216  3.144925e+00 3.070458e-04
119 1.911760e+00  1.021257e+02 1730.800070  5.018612e+00 2.800584e-04
120 1.927442e+00  1.577600e+02 1778.907426  7.782170e+00 2.566577e-04
121 1.943093e+00  1.946609e+02 1924.646895  9.689040e+00 2.364226e-04
122 1.958713e+00  1.701081e+02 2100.652348  8.539365e+00 2.179737e-04
123 1.974302e+00  1.148056e+02 2194.016416  5.783576e+00 2.000817e-04
124 1.989860e+00  7.396320e+01 2179.299464  3.722083e+00 1.827383e-04
125 2.005387e+00  5.368664e+01 2099.697105  2.691493e+00 1.663904e-04
126 2.020884e+00  4.736822e+01 1996.683344  2.362677e+00 1.513067e-04
127 2.036349e+00  5.142850e+01 1896.274922  2.551535e+00 1.375725e-04
128 2.051784e+00  6.666016e+01 1817.353666  3.292556e+00 1.251988e-04
129 2.067188e+00  9.624376e+01 1779.882706  4.744417e+00 1.141852e-04
130 2.082562e+00  1.381021e+02 1807.148382  6.822893e+00 1.045164e-04
131 2.097905e+00  1.700666e+02 1909.553168  8.455509e+00 9.604894e-05
132 2.113217e+00  1.616551e+02 2046.729832  8.093699e+00 8.839338e-05
133 2.128499e+00  1.225594e+02 2138.172208  6.159763e+00 8.113947e-05
134 2.143751e+00  8.598094e+01 2146.274832  4.321210e+00 7.418407e-05
135 2.158972e+00  6.456843e+01 2091.971385  3.236298e+00 6.762571e-05
136 2.174163e+00  5.634883e+01 2009.141788  2.812722e+00 6.155615e-05
137 2.189324e+00  5.850105e+01 1923.506340  2.907097e+00 5.601365e-05
138 2.204454e+00  7.084593e+01 1854.200199  3.507239e+00 5.100518e-05
139 2.219555e+00  9.459151e+01 1819.131005  4.674276e+00 4.652636e-05
140 2.234625e+00  1.269393e+02 1836.047898  6.281544e+00 4.256132e-05
141 2.249665e+00  1.525722e+02 1911.365586  7.584912e+00 3.905486e-05
142 2.264676e+00  1.506677e+02 2017.275886  7.531756e+00 3.588651e-05
143 2.279656e+00  1.235491e+02 2096.678460  6.197868e+00 3.292470e-05
144 2.294607e+00  9.331989e+01 2114.241257  4.683669e+00 3.011605e-05
145 2.309528e+00  7.312961e+01 2077.599220  3.663284e+00 2.747595e-05
146 2.324419e+00  6.426012e+01 2011.925257  3.208373e+00 2.503062e-05
147 2.339280e+00  6.513579e+01 1940.303459  3.240015e+00 2.279351e-05
148 2.354112e+00  7.524444e+01 1881.014728  3.730980e+00 2.076717e-05
149 2.368914e+00  9.460792e+01 1850.131741  4.683767e+00 1.894839e-05
150 2.383686e+00  1.200173e+02 1861.527329  5.947424e+00 1.732817e-05
151 2.398429e+00  1.401618e+02 1918.745925  6.969751e+00 1.588478e-05
152 2.413143e+00  1.407008e+02 2000.951913  7.026937e+00 1.457864e-05
153 2.427828e+00  1.216280e+02 2066.774217  6.092780e+00 1.336708e-05
154 2.442483e+00  9.747926e+01 2086.794972  4.886425e+00 1.222838e-05
155 2.457109e+00  7.960693e+01 2061.910268  3.985052e+00 1.116250e-05
156 2.471705e+00  7.094823e+01 2010.063328  3.542226e+00 1.017582e-05
157 2.486273e+00  7.103705e+01 1950.859034  3.535793e+00 9.272240e-06
158 2.500811e+00  7.934678e+01 1900.975543  3.939017e+00 8.452272e-06
159 2.515321e+00  9.522845e+01 1874.650748  4.721231e+00 7.714034e-06
160 2.529801e+00  1.153780e+02 1882.861920  5.724202e+00 7.053181e-06
161 2.544253e+00  1.311506e+02 1927.273064  6.523973e+00 6.461171e-06
162 2.558676e+00  1.324876e+02 1991.579206  6.612948e+00 5.924481e-06
163 2.573070e+00  1.187687e+02 2045.119403  5.943131e+00 5.428953e-06
164 2.587435e+00  9.970958e+01 2064.383474  4.993028e+00 4.966345e-06
165 2.601772e+00  8.444244e+01 2047.230910  4.224323e+00 4.535114e-06
166 2.616079e+00  7.647647e+01 2006.275711  3.817724e+00 4.136416e-06
167 2.630359e+00  7.612212e+01 1957.673552  3.790473e+00 3.771142e-06
168 2.644610e+00  8.295942e+01 1916.151685  4.121985e+00 3.439184e-06
169 2.658832e+00  9.600211e+01 1894.128098  4.764878e+00 3.139547e-06
170 2.673026e+00  1.120740e+02 1900.341906  5.565519e+00 2.870271e-06
171 2.687192e+00  1.244471e+02 1935.296516  6.192687e+00 2.628016e-06
172 2.701329e+00  1.259309e+02 1985.964931  6.283362e+00 2.408042e-06
173 2.715439e+00  1.158416e+02 2029.188519  5.791911e+00 2.205529e-06
174 2.729520e+00  1.008338e+02 2046.425859  5.044983e+00 2.017408e-06
175 2.743573e+00  8.805425e+01 2034.389897  4.402390e+00 1.842685e-06
176 2.757597e+00  8.099300e+01 2001.950827  4.042483e+00 1.681383e-06
177 2.771594e+00  8.041868e+01 1962.215118  4.005550e+00 1.533591e-06
178 2.785563e+00  8.604092e+01 1927.894746  4.277971e+00 1.399126e-06
179 2.799504e+00  9.674584e+01 1909.670045  4.805971e+00 1.277491e-06
180 2.813417e+00  1.096161e+02 1914.524223  5.447553e+00 1.167835e-06
181 2.827303e+00  1.193614e+02 1942.288758  5.941460e+00 1.068859e-06
182 2.841160e+00  1.207484e+02 1982.456221  6.023298e+00 9.788655e-07
183 2.854990e+00  1.131852e+02 2017.269889  5.655536e+00 8.961746e-07
184 2.868793e+00  1.013443e+02 2032.138407  5.066974e+00 8.196437e-07
185 2.882567e+00  9.077048e+01 2023.539678  4.535861e+00 7.487805e-07
186 2.896315e+00  8.465999e+01 1997.756661  4.224751e+00 6.834569e-07
187 2.910034e+00  8.400226e+01 1965.343981  4.184871e+00 6.236117e-07
188 2.923727e+00  8.861962e+01 1937.104298  4.408483e+00 5.691140e-07
189 2.937392e+00  9.739567e+01 1922.118386  4.841570e+00 5.197273e-07
190 2.951029e+00  1.077334e+02 1925.982738  5.357199e+00 4.750905e-07
191 2.964640e+00  1.154450e+02 1948.173188  5.748025e+00 4.346977e-07
192 2.978223e+00  1.166587e+02 1980.178672  5.818293e+00 3.979317e-07
193 2.991779e+00  1.108987e+02 2008.220628  5.538592e+00 3.641940e-07
194 3.005309e+00  1.015231e+02 2020.788406  5.073028e+00 3.330560e-07
195 3.018811e+00  9.283271e+01 2014.542780  4.636899e+00 3.042961e-07
196 3.032286e+00  8.762836e+01 1993.980165  4.372140e+00 2.778205e-07
197 3.045734e+00  8.696575e+01 1967.573244  4.333125e+00 2.535706e-07
198 3.059155e+00  9.075173e+01 1944.402320  4.516394e+00 2.314717e-07
199 3.072550e+00  9.793779e+01 1932.120899  4.871167e+00 2.114152e-07
200 3.085918e+00  1.062632e+02 1935.226014  5.286611e+00 1.932500e-07
201 3.099259e+00  1.123958e+02 1953.039738  5.597417e+00 1.767792e-07
202 3.112573e+00  1.134266e+02 1978.652526  5.656400e+00 1.617746e-07
203 3.125861e+00  1.089834e+02 2001.269212  5.440868e+00 1.480190e-07
204 3.139122e+00  1.015290e+02 2011.771145  5.070999e+00 1.353500e-07
205 3.152357e+00  9.441225e+01 2007.166491  4.714092e+00 1.236723e-07
206 3.165565e+00  9.002696e+01 1990.711527  4.491157e+00 1.129349e-07
207 3.178747e+00  8.940199e+01 1969.205815  4.454980e+00 1.031027e-07
208 3.191903e+00  9.250242e+01 1950.225263  4.605006e+00 9.413758e-08
209 3.205032e+00  9.838208e+01 1940.177543  4.895381e+00 8.599085e-08
210 3.218135e+00  1.051027e+02 1942.687888  5.230868e+00 7.859989e-08
211 3.231212e+00  1.100011e+02 1957.037157  5.479131e+00 7.188778e-08
212 3.244263e+00  1.108633e+02 1977.609750  5.528076e+00 6.576922e-08
213 3.257287e+00  1.074002e+02 1995.881319  5.360227e+00 6.016385e-08
214 3.270286e+00  1.014494e+02 2004.596918  5.065147e+00 5.500959e-08
215 3.283259e+00  9.563265e+01 2001.156475  4.773602e+00 5.026634e-08
216 3.296206e+00  9.196530e+01 1987.948205  4.587266e+00 4.590957e-08
217 3.309127e+00  9.139785e+01 1970.434713  4.554793e+00 4.192108e-08
218 3.322022e+00  9.393398e+01 1954.902415  4.677474e+00 3.828267e-08
219 3.334891e+00  9.874153e+01 1946.688774  4.914964e+00 3.497300e-08
220 3.347735e+00  1.041776e+02 1948.721766  5.186411e+00 3.196625e-08
221 3.360553e+00  1.081067e+02 1960.309034  5.385551e+00 2.923228e-08
222 3.373345e+00  1.088233e+02 1976.884319  5.425980e+00 2.673880e-08
223 3.386112e+00  1.061017e+02 1991.673282  5.294161e+00 2.445564e-08
224 3.398853e+00  1.013337e+02 1998.877384  5.057856e+00 2.235885e-08
225 3.411569e+00  9.658350e+01 1996.278500  4.819881e+00 2.043179e-08
226 3.424260e+00  9.353206e+01 1985.648089  4.664908e+00 1.866328e-08
227 3.436925e+00  9.302966e+01 1971.381755  4.636390e+00 1.704466e-08
228 3.449565e+00  9.510228e+01 1958.676565  4.736621e+00 1.556758e-08
229 3.462179e+00  9.903201e+01 1951.961802  4.930788e+00 1.422281e-08
230 3.474768e+00  1.034377e+02 1953.610106  5.150831e+00 1.299977e-08
231 3.487333e+00  1.066007e+02 1962.987820  5.311145e+00 1.188659e-08
232 3.499872e+00  1.071939e+02 1976.378572  5.344464e+00 1.087091e-08
233 3.512386e+00  1.050403e+02 1988.370618  5.240218e+00 9.941275e-09
234 3.524875e+00  1.012074e+02 1994.310798  5.050332e+00 9.088352e-09
235 3.537339e+00  9.732930e+01 1992.328320  4.856121e+00 8.305302e-09
236 3.549778e+00  9.479961e+01 1983.751563  4.727693e+00 7.587200e-09
237 3.562192e+00  9.436240e+01 1972.123520  4.703026e+00 6.930104e-09
238 3.574582e+00  9.605610e+01 1961.731717  4.784912e+00 6.330293e-09
239 3.586947e+00  9.926854e+01 1956.241809  4.943663e+00 5.783831e-09
240 3.599287e+00  1.028457e+02 1957.581913  5.122360e+00 5.286386e-09
241 3.611602e+00  1.054001e+02 1965.189348  5.251826e+00 4.833267e-09
242 3.623893e+00  1.058893e+02 1976.035837  5.279217e+00 4.419706e-09
243 3.636159e+00  1.041742e+02 1985.777048  5.196227e+00 4.041294e-09
244 3.648401e+00  1.010831e+02 1990.666057  5.043145e+00 3.694373e-09
245 3.660618e+00  9.791634e+01 1989.138485  4.884607e+00 3.376143e-09
246 3.672811e+00  9.582442e+01 1982.202759  4.778436e+00 3.084485e-09
247 3.684980e+00  9.544827e+01 1972.719795  4.757315e+00 2.817656e-09
248 3.697124e+00  9.683183e+01 1964.217582  4.824190e+00 2.574031e-09
249 3.709244e+00  9.945821e+01 1959.727511  4.953996e+00 2.351949e-09
250 3.721340e+00  1.023673e+02 1960.815468  5.099343e+00 2.149639e-09
251 3.733411e+00  1.044365e+02 1966.995241  5.204217e+00 1.965241e-09
252 3.745459e+00  1.048407e+02 1975.799158  5.226776e+00 1.796897e-09
253 3.757482e+00  1.034688e+02 1983.726005  5.160425e+00 1.642898e-09
254 3.769481e+00  1.009696e+02 1987.748935  5.036688e+00 1.501800e-09
255 3.781457e+00  9.838252e+01 1986.564439  4.907204e+00 1.372460e-09
256 3.793408e+00  9.665547e+01 1980.945506  4.819573e+00 1.253979e-09
257 3.805336e+00  9.633456e+01 1973.206879  4.801622e+00 1.145602e-09
258 3.817239e+00  9.746436e+01 1966.250657  4.856221e+00 1.046631e-09
259 3.829119e+00  9.961183e+01 1962.574650  4.962367e+00 9.563701e-10
260 3.840975e+00  1.019812e+02 1963.457427  5.080758e+00 8.740958e-10
261 3.852808e+00  1.036616e+02 1968.484723  5.165927e+00 7.990677e-10
262 3.864617e+00  1.039957e+02 1975.643925  5.184523e+00 7.305580e-10
263 3.876402e+00  1.028943e+02 1982.104832  5.131271e+00 6.678978e-10
264 3.888164e+00  1.008688e+02 1985.415134  5.031014e+00 6.105145e-10
265 3.899902e+00  9.875363e+01 1984.492999  4.925173e+00 5.579423e-10
266 3.911617e+00  9.732864e+01 1979.932541  4.852886e+00 5.098036e-10
267 3.923308e+00  9.705638e+01 1973.610153  4.837705e+00 4.657764e-10
268 3.934976e+00  9.797982e+01 1967.911994  4.882322e+00 4.255645e-10
269 3.946621e+00  9.973773e+01 1964.900158  4.969219e+00 3.888771e-10
270 3.958243e+00  1.016712e+02 1965.619523  5.065838e+00 3.554200e-10
271 3.969841e+00  1.030389e+02 1969.718962  5.135158e+00 3.248971e-10
272 3.981416e+00  1.033146e+02 1975.554058  5.150475e+00 2.970214e-10
273 3.992968e+00  1.024261e+02 1980.829989  5.107531e+00 2.715295e-10
274 4.004497e+00  1.007799e+02 1983.553759  5.026062e+00 2.481934e-10
275 4.016002e+00  9.904881e+01 1982.828327  4.939452e+00 2.268234e-10
276 4.027485e+00  9.787448e+01 1979.117705  4.879892e+00 2.072621e-10
277 4.038945e+00  9.764509e+01 1973.948457  4.867130e+00 1.893738e-10
278 4.050382e+00  9.840016e+01 1969.280654  4.903608e+00 1.730337e-10
279 4.061796e+00  9.983963e+01 1966.811664  4.974767e+00 1.581210e-10
280 4.073188e+00  1.014191e+02 1967.397411  5.053700e+00 1.445160e-10
281 4.084556e+00  1.025349e+02 1970.743589  5.110251e+00 1.321002e-10
282 4.095902e+00  1.027627e+02 1975.506783  5.122887e+00 1.207596e-10
283 4.107225e+00  1.020442e+02 1979.820755  5.088167e+00 1.103900e-10
284 4.118526e+00  1.007041e+02 1982.062834  5.021856e+00 1.009003e-10
285 4.129804e+00  9.928646e+01 1981.490824  4.950942e+00 9.221329e-11
286 4.141059e+00  9.831890e+01 1978.468726  4.901875e+00 8.426374e-11
287 4.152292e+00  9.812600e+01 1974.239579  4.891168e+00 7.699479e-11
288 4.163503e+00  9.874344e+01 1970.413751  4.920992e+00 7.035429e-11
289 4.174691e+00  9.992240e+01 1968.387861  4.979275e+00 6.429237e-11
290 4.185857e+00  1.012146e+02 1968.861537  5.043854e+00 5.876023e-11
291 4.197000e+00  1.021277e+02 1971.595603  5.090128e+00 5.371027e-11
292 4.208121e+00  1.023168e+02 1975.492642  5.100593e+00 4.909718e-11
293 4.219220e+00  1.017339e+02 1979.030051  5.072438e+00 4.487947e-11
294 4.230297e+00  1.006396e+02 1980.879501  5.018299e+00 4.102058e-11
295 4.241352e+00  9.947609e+01 1980.426212  4.960102e+00 3.748913e-11
296 4.252384e+00  9.867792e+01 1977.958018  4.919632e+00 3.425821e-11
297 4.263395e+00  9.851619e+01 1974.489753  4.910673e+00 3.130415e-11
298 4.274383e+00  9.902248e+01 1971.347755  4.935122e+00 2.860529e-11
299 4.285350e+00  9.999054e+01 1969.684181  4.982981e+00 2.614106e-11
300 4.296295e+00  1.010497e+02 1970.074702  5.035918e+00 2.389160e-11
301 4.307217e+00  1.017967e+02 1972.316102  5.073774e+00 2.183776e-11
302 4.318118e+00  1.019527e+02 1975.507016  5.082392e+00 1.996144e-11
303 4.328997e+00  1.014788e+02 1978.406146  5.059506e+00 1.824606e-11
304 4.339855e+00  1.005849e+02 1979.930137  5.015289e+00 1.667692e-11
305 4.350691e+00  9.963044e+01 1979.570246  4.967556e+00 1.524128e-11
306 4.361505e+00  9.897244e+01 1977.554643  4.934197e+00 1.392806e-11
307 4.372297e+00  9.883702e+01 1974.711218  4.926708e+00 1.272746e-11
308 4.383068e+00  9.925203e+01 1972.129840  4.946746e+00 1.163050e-11
309 4.393818e+00  1.000472e+02 1970.763290  4.986058e+00 1.062874e-11
310 4.404546e+00  1.009162e+02 1971.084588  5.029492e+00 9.714098e-12
311 4.415252e+00  1.015283e+02 1972.924242  5.060512e+00 8.878845e-12
312 4.425937e+00  1.016570e+02 1975.542313  5.067622e+00 8.115729e-12
313 4.436601e+00  1.012700e+02 1977.923207  5.048933e+00 7.418111e-12
314 4.447244e+00  1.005378e+02 1979.179075  5.012715e+00 6.780073e-12
315 4.457865e+00  9.975351e+01 1978.890024  4.973493e+00 6.196430e-12
316 4.468465e+00  9.921134e+01 1977.238686  4.946008e+00 5.662637e-12
317 4.479044e+00  9.909905e+01 1974.904610  4.939802e+00 5.174650e-12
318 4.489601e+00  9.944005e+01 1972.785353  4.956267e+00 4.728766e-12
319 4.500138e+00  1.000934e+02 1971.664051  4.988567e+00 4.321521e-12
320 4.510653e+00  1.008066e+02 1971.928785  5.024217e+00 3.949626e-12
321 4.521148e+00  1.013089e+02 1973.440024  5.049671e+00 3.609963e-12
322 4.531621e+00  1.014150e+02 1975.589981  5.055527e+00 3.299617e-12
323 4.542074e+00  1.010990e+02 1977.546032  5.040265e+00 3.015921e-12
324 4.552506e+00  1.004991e+02 1978.581530  5.010598e+00 2.756489e-12
325 4.562917e+00  9.985478e+01 1978.350226  4.978379e+00 2.519211e-12
326 4.573307e+00  9.940768e+01 1976.999107  4.955716e+00 2.302229e-12
327 4.583676e+00  9.931386e+01 1975.082512  4.950538e+00 2.103875e-12
328 4.594025e+00  9.959379e+01 1973.339970  4.964052e+00 1.922627e-12
329 4.604353e+00  1.001312e+02 1972.417388  4.990623e+00 1.757067e-12
330 4.614660e+00  1.007179e+02 1972.635820  5.019945e+00 1.605856e-12
331 4.624947e+00  1.011308e+02 1973.879680  5.040871e+00 1.467734e-12
332 4.635213e+00  1.012184e+02 1975.648637  5.045701e+00 1.341528e-12
333 4.645458e+00  1.009593e+02 1977.259727  5.033194e+00 1.226164e-12
334 4.655684e+00  1.004663e+02 1978.114830  5.008810e+00 1.120678e-12
335 4.665888e+00  9.993576e+01 1977.927697  4.982283e+00 1.024213e-12
336 4.676073e+00  9.956725e+01 1976.817352  4.963604e+00 9.360077e-13
337 4.686237e+00  9.948986e+01 1975.241616  4.959333e+00 8.553785e-13
338 4.696380e+00  9.972034e+01 1973.809420  4.970460e+00 7.817004e-13
339 4.706504e+00  1.001626e+02 1973.052464  4.992326e+00 7.143930e-13
340 4.716607e+00  1.006448e+02 1973.233986  5.016432e+00 6.529120e-13
341 4.726690e+00  1.009841e+02 1974.258400  5.033623e+00 5.967476e-13
342 4.736753e+00  1.010563e+02 1975.714390  5.037603e+00 5.454264e-13
343 4.746796e+00  1.008439e+02 1977.040369  5.027351e+00 4.985157e-13
344 4.756818e+00  1.004391e+02 1977.746151  5.007329e+00 4.556253e-13
345 4.766821e+00  1.000026e+02 1977.595763  4.985502e+00 4.164070e-13
346 4.776804e+00  9.969868e+01 1976.685523  4.970102e+00 3.805498e-13
347 4.786766e+00  9.963415e+01 1975.390242  4.966544e+00 3.477735e-13
348 4.796709e+00  9.982375e+01 1974.211137  4.975696e+00 3.178221e-13
349 4.806632e+00  1.001883e+02 1973.588356  4.993719e+00 2.904584e-13
350 4.816535e+00  1.005856e+02 1973.739296  5.013580e+00 2.654610e-13
351 4.826419e+00  1.008650e+02 1974.584574  5.027736e+00 2.426235e-13
352 4.836282e+00  1.009246e+02 1975.785376  5.031025e+00 2.217546e-13
353 4.846126e+00  1.007500e+02 1976.880101  5.022592e+00 2.026797e-13
354 4.855951e+00  1.004164e+02 1977.464054  5.006098e+00 1.852408e-13
355 4.865755e+00  1.000563e+02 1977.342186  4.988093e+00 1.692963e-13
356 4.875540e+00  9.980533e+01 1976.592572  4.975373e+00 1.547193e-13
357 4.885306e+00  9.975235e+01 1975.525696  4.972451e+00 1.413951e-13
358 4.895052e+00  9.990893e+01 1974.555426  4.980010e+00 1.292191e-13
359 4.904778e+00  1.002096e+02 1974.044215  4.994873e+00 1.180943e-13
360 4.914485e+00  1.005369e+02 1974.170892  5.011237e+00 1.079307e-13
361 4.924173e+00  1.007670e+02 1974.869969  5.022895e+00 9.864476e-14
362 4.933841e+00  1.008159e+02 1975.861258  5.025594e+00 9.015904e-14
363 4.943490e+00  1.006720e+02 1976.764135  5.018645e+00 8.240292e-14
364 4.953120e+00  1.003974e+02 1977.246721  5.005066e+00 7.531244e-14
365 4.962730e+00  1.001006e+02 1977.147901  4.990226e+00 6.883004e-14
366 4.972321e+00  9.989342e+01 1976.532258  4.979728e+00 6.290397e-14
367 4.981894e+00  9.984937e+01 1975.653395  4.977300e+00 5.748735e-14
368 4.991447e+00  9.997881e+01 1974.853713  4.983548e+00 5.253735e-14
369 5.000980e+00  1.002272e+02 1974.433306  4.995829e+00 4.801450e-14
370 5.010495e+00  1.004976e+02 1974.540174  5.009346e+00 4.388219e-14
371 5.019991e+00  1.006872e+02 1975.119397  5.018956e+00 4.010648e-14
372 5.029468e+00  1.007275e+02 1975.939466  5.021176e+00 3.665608e-14
373 5.038926e+00  1.006086e+02 1976.686917  5.015435e+00 3.350240e-14
374 5.048365e+00  1.003815e+02 1977.086665  5.004204e+00 3.061951e-14
375 5.057785e+00  1.001361e+02 1977.005693  4.991936e+00 2.798401e-14
376 5.067186e+00  9.996498e+01 1976.496941  4.983264e+00 2.557480e-14
377 5.076569e+00  9.992907e+01 1975.771540  4.981282e+00 2.337275e-14
378 5.085933e+00  1.000365e+02 1975.113221  4.986469e+00 2.136037e-14
379 5.095278e+00  1.002418e+02 1974.768883  4.996621e+00 1.952157e-14
380 5.104604e+00  1.004650e+02 1974.860114  5.007777e+00 1.784145e-14
381 5.113912e+00  1.006213e+02 1975.340842  5.015699e+00 1.630626e-14
382 5.123201e+00  1.006541e+02 1976.019840  5.017511e+00 1.490331e-14
383 5.132472e+00  1.005556e+02 1976.637784  5.012756e+00 1.362102e-14
384 5.141724e+00  1.003682e+02 1976.968350  5.003486e+00 1.244889e-14
385 5.150958e+00  1.001655e+02 1976.902294  4.993355e+00 1.137739e-14
386 5.160173e+00  1.000242e+02 1976.482306  4.986191e+00 1.039793e-14
387 5.169370e+00  9.999478e+01 1975.883645  4.984565e+00 9.502702e-15
388 5.178548e+00  1.000840e+02 1975.340376  4.988874e+00 8.684577e-15
389 5.187708e+00  1.002545e+02 1975.057819  4.997303e+00 7.936991e-15
390 5.196850e+00  1.004392e+02 1975.137248  5.006536e+00 7.253893e-15
391 5.205973e+00  1.005680e+02 1975.538680  5.013068e+00 6.629694e-15
392 5.215079e+00  1.005943e+02 1976.102604  5.014524e+00 6.059257e-15
393 5.224166e+00  1.005122e+02 1976.614215  5.010557e+00 5.537887e-15
394 5.233235e+00  1.003567e+02 1976.887200  5.002868e+00 5.061317e-15
395 5.242285e+00  1.001891e+02 1976.831271  4.994488e+00 4.625683e-15
396 5.251318e+00  1.000728e+02 1976.483811  4.988592e+00 4.227481e-15
397 5.260333e+00  1.000491e+02 1975.990005  4.987281e+00 3.863531e-15
398 5.269329e+00  1.001234e+02 1975.543609  4.990867e+00 3.530922e-15
399 5.278308e+00  1.002642e+02 1975.313467  4.997833e+00 3.226982e-15
400 5.287269e+00  1.004165e+02 1975.381460  5.005448e+00 2.949249e-15
401 5.296212e+00  1.005226e+02 1975.714688  5.010825e+00 2.695457e-15
402 5.305137e+00  1.005442e+02 1976.181689  5.012020e+00 2.463520e-15
403 5.314044e+00  1.004762e+02 1976.605286  5.008735e+00 2.251536e-15
404 5.322933e+00  1.003477e+02 1976.831219  5.002381e+00 2.057772e-15
405 5.331805e+00  1.002094e+02 1976.785622  4.995466e+00 1.880658e-15
406 5.340659e+00  1.001135e+02 1976.499542  4.990603e+00 1.718767e-15
407 5.349495e+00  1.000941e+02 1976.092853  4.989531e+00 1.570803e-15
408 5.358313e+00  1.001557e+02 1975.725842  4.992507e+00 1.435579e-15
409 5.367114e+00  1.002722e+02 1975.537911  4.998268e+00 1.312008e-15
410 5.375897e+00  1.003980e+02 1975.596354  5.004556e+00 1.199088e-15
411 5.384663e+00  1.004854e+02 1975.873657  5.008987e+00 1.095900e-15
412 5.393411e+00  1.005029e+02 1976.261155  5.009958e+00 1.001597e-15
413 5.402142e+00  1.004465e+02 1976.611976  5.007233e+00 9.154065e-16
414 5.410855e+00  1.003402e+02 1976.799152  5.001978e+00 8.366265e-16
415 5.419551e+00  1.002260e+02 1976.761942  4.996266e+00 7.646176e-16
416 5.428230e+00  1.001469e+02 1976.526019  4.992256e+00 6.987995e-16
417 5.436891e+00  1.001312e+02 1976.190846  4.991386e+00 6.386439e-16
418 5.445535e+00  1.001825e+02 1975.889237  4.993863e+00 5.836677e-16
419 5.454162e+00  1.002790e+02 1975.736306  4.998635e+00 5.334280e-16
420 5.462771e+00  1.003829e+02 1975.787359  5.003829e+00 4.875178e-16
421 5.471363e+00  1.004548e+02 1976.018912  5.007474e+00 4.455629e-16
422 5.479938e+00  1.004688e+02 1976.340493  5.008255e+00 4.072205e-16
423 5.488496e+00  1.004218e+02 1976.631053  5.005983e+00 3.721770e-16
424 5.497037e+00  1.003338e+02 1976.785704  5.001631e+00 3.401468e-16
425 5.505561e+00  1.002395e+02 1976.754776  4.996916e+00 3.108703e-16
426 5.514067e+00  1.001745e+02 1976.560031  4.993621e+00 2.841112e-16
427 5.522557e+00  1.001620e+02 1976.284212  4.992925e+00 2.596545e-16
428 5.531030e+00  1.002048e+02 1976.037207  4.994992e+00 2.373034e-16
429 5.539485e+00  1.002847e+02 1975.913596  4.998942e+00 2.168776e-16
430 5.547924e+00  1.003703e+02 1975.958408  5.003225e+00 1.982117e-16
431 5.556346e+00  1.004294e+02 1976.151853  5.006219e+00 1.811536e-16
432 5.564752e+00  1.004405e+02 1976.418903  5.006842e+00 1.655642e-16
433 5.573140e+00  1.004013e+02 1976.659503  5.004949e+00 1.513161e-16
434 5.581512e+00  1.003285e+02 1976.787363  5.001347e+00 1.382934e-16
435 5.589867e+00  1.002507e+02 1976.761816  4.997456e+00 1.263905e-16
436 5.598205e+00  1.001973e+02 1976.601472  4.994747e+00 1.155113e-16
437 5.606526e+00  1.001873e+02 1976.374756  4.994190e+00 1.055681e-16
438 5.614831e+00  1.002230e+02 1976.172326  4.995912e+00 9.648104e-17
439 5.623120e+00  1.002891e+02 1976.072369  4.999185e+00 8.817658e-17
440 5.631392e+00  1.003598e+02 1976.111714  5.002721e+00 8.058749e-17
441 5.639647e+00  1.004084e+02 1976.273732  5.005183e+00 7.365203e-17
442 5.647886e+00  1.004172e+02 1976.496177  5.005681e+00 6.731364e-17
443 5.656108e+00  1.003845e+02 1976.695722  5.004099e+00 6.152065e-17
444 5.664314e+00  1.003242e+02 1976.801438  5.001113e+00 5.622594e-17
445 5.672503e+00  1.002599e+02 1976.780380  4.997900e+00 5.138659e-17
446 5.680676e+00  1.002161e+02 1976.647940  4.995674e+00 4.696349e-17
447 5.688833e+00  1.002083e+02 1976.461098  4.995239e+00 4.292100e-17
448 5.696974e+00  1.002383e+02 1976.296074  4.996687e+00 3.922651e-17
449 5.705098e+00  1.002930e+02 1976.216465  4.999395e+00 3.585019e-17
450 5.713206e+00  1.003511e+02 1976.251514  5.002304e+00 3.276466e-17
451 5.721298e+00  1.003908e+02 1976.387271  5.004317e+00 2.994485e-17
452 5.729374e+00  1.003976e+02 1976.572320  5.004703e+00 2.736779e-17
453 5.737433e+00  1.003702e+02 1976.737153  5.003377e+00 2.501248e-17
454 5.745476e+00  1.003204e+02 1976.823794  5.000911e+00 2.285979e-17
455 5.753504e+00  1.002677e+02 1976.806308  4.998277e+00 2.089226e-17
456 5.761515e+00  1.002320e+02 1976.698000  4.996461e+00 1.909398e-17
457 5.769510e+00  1.002260e+02 1976.545397  4.996120e+00 1.745045e-17
458 5.777490e+00  1.002509e+02 1976.411133  4.997327e+00 1.594840e-17
459 5.785453e+00  1.002961e+02 1976.348044  4.999566e+00 1.457570e-17
460 5.793400e+00  1.003439e+02 1976.379322  5.001956e+00 1.332121e-17
461 5.801332e+00  1.003763e+02 1976.492952  5.003599e+00 1.217474e-17
462 5.809248e+00  1.003815e+02 1976.646592  5.003897e+00 1.112696e-17
463 5.817148e+00  1.003586e+02 1976.782862  5.002786e+00 1.016934e-17
464 5.825032e+00  1.003174e+02 1976.854132  5.000751e+00 9.294114e-18
465 5.832900e+00  1.002742e+02 1976.839541  4.998586e+00 8.494174e-18
466 5.840753e+00  1.002452e+02 1976.750956  4.997117e+00 7.763056e-18
467 5.848590e+00  1.002406e+02 1976.627007  4.996853e+00 7.094855e-18
468 5.856411e+00  1.002612e+02 1976.518625  4.997853e+00 6.484173e-18
469 5.864217e+00  1.002985e+02 1976.468517  4.999694e+00 5.926073e-18
470 5.872007e+00  1.003377e+02 1976.496251  5.001657e+00 5.416031e-18
471 5.879781e+00  1.003641e+02 1976.591587  5.002999e+00 4.949903e-18
472 5.887540e+00  1.003682e+02 1976.719114  5.003231e+00 4.523900e-18
473 5.895284e+00  1.003492e+02 1976.832175  5.002313e+00 4.134557e-18
474 5.903012e+00  1.003152e+02 1976.892051  5.000631e+00 3.778714e-18
475 5.910725e+00  1.002794e+02 1976.881344  4.998839e+00 3.453488e-18
476 5.918422e+00  1.002551e+02 1976.809022  4.997604e+00 3.156245e-18
477 5.926104e+00  1.002511e+02 1976.706236  4.997377e+00 2.884580e-18
478 5.933770e+00  1.002685e+02 1976.615665  4.998218e+00 2.636298e-18
479 5.941421e+00  1.003001e+02 1976.574508  4.999784e+00 2.409389e-18
480 5.949057e+00  1.003333e+02 1976.599772  5.001446e+00 2.202018e-18
481 5.956678e+00  1.003555e+02 1976.681999  5.002571e+00 2.012501e-18
482 5.964283e+00  1.003586e+02 1976.790950  5.002756e+00 1.839297e-18
483 5.971873e+00  1.003423e+02 1976.887208  5.001964e+00 1.680999e-18
484 5.979448e+00  1.003134e+02 1976.937518  5.000532e+00 1.536322e-18
485 5.987008e+00  1.002833e+02 1976.927821  4.999027e+00 1.404092e-18
486 5.994553e+00  1.002634e+02 1976.866729  4.998015e+00 1.283239e-18
487 6.002082e+00  1.002607e+02 1976.781587  4.997856e+00 1.172787e-18
488 6.009597e+00  1.002757e+02 1976.708279  4.998584e+00 1.071843e-18
489 6.017097e+00  1.003020e+02 1976.677139  4.999885e+00 9.795894e-19
490 6.024581e+00  1.003291e+02 1976.700477  5.001245e+00 8.952783e-19
491 6.032051e+00  1.003470e+02 1976.769944  5.002154e+00 8.182257e-19
492 6.039506e+00  1.003493e+02 1976.860605  5.002289e+00 7.478054e-19
493 6.046946e+00  1.003356e+02 1976.940382  5.001626e+00 6.834454e-19
494 6.054371e+00  1.003117e+02 1976.982134  5.000442e+00 6.246234e-19
495 6.061781e+00  1.002870e+02 1976.974208  4.999207e+00 5.708626e-19
496 6.069176e+00  1.002709e+02 1976.924385  4.998391e+00 5.217278e-19
497 6.076557e+00  1.002690e+02 1976.855812  4.998272e+00 4.768217e-19
498 6.083922e+00  1.002815e+02 1976.797538  4.998885e+00 4.357809e-19
499 6.091274e+00  1.003031e+02 1976.773669  4.999946e+00 3.982733e-19
500 6.098610e+00  1.003253e+02 1976.794160  5.001061e+00 3.639927e-19
501 6.105932e+00  1.003400e+02 1976.852400  5.001806e+00 3.326647e-19
              ya           ni           yi
1   5.000000e-01 5.000000e+00 5.000000e-01
2   4.551839e+00 4.696844e+00 4.560536e+00
3   7.492725e+00 4.856014e+00 7.572912e+00
4   9.246479e+00 7.858678e+00 1.017761e+01
5   3.151672e-01 7.985199e+01 2.230143e+00
6   6.327782e-02 1.294230e+02 1.002421e+00
7   6.450651e-02 1.183275e+02 1.029823e+00
8   6.515831e-02 1.082002e+02 1.048427e+00
9   6.541832e-02 9.895500e+01 1.061034e+00
10  6.540587e-02 9.050918e+01 1.069409e+00
11  6.519813e-02 8.278978e+01 1.074689e+00
12  6.484731e-02 7.573179e+01 1.077644e+00
13  6.438996e-02 6.927685e+01 1.078810e+00
14  6.385247e-02 6.337231e+01 1.078577e+00
15  6.325431e-02 5.797049e+01 1.077230e+00
16  6.261019e-02 5.302809e+01 1.074989e+00
17  6.193144e-02 4.850573e+01 1.072020e+00
18  6.122652e-02 4.436753e+01 1.068452e+00
19  6.050343e-02 4.058077e+01 1.064404e+00
20  5.976555e-02 3.711556e+01 1.059929e+00
21  5.901904e-02 3.394464e+01 1.055121e+00
22  5.826686e-02 3.104303e+01 1.050028e+00
23  5.751186e-02 2.838791e+01 1.044694e+00
24  5.675638e-02 2.595845e+01 1.039159e+00
25  5.600227e-02 2.373553e+01 1.033452e+00
26  5.525108e-02 2.170168e+01 1.027601e+00
27  5.450398e-02 1.984090e+01 1.021626e+00
28  5.376199e-02 1.813856e+01 1.015545e+00
29  5.302580e-02 1.658125e+01 1.009373e+00
30  5.229556e-02 1.515678e+01 1.003117e+00
31  5.156763e-02 1.385461e+01 9.967434e-01
32  5.080063e-02 1.267121e+01 9.898121e-01
33  4.952197e-02 1.167076e+01 9.772103e-01
34  4.248129e-02 1.170136e+01 8.992765e-01
35  1.600501e-02 1.832394e+01 5.253949e-01
36  9.195361e-03 2.213989e+01 3.867456e-01
37  8.858555e-03 2.046242e+01 3.792418e-01
38  8.802249e-03 1.860699e+01 3.783125e-01
39  8.761810e-03 1.690266e+01 3.777319e-01
40  8.722181e-03 1.535270e+01 3.771435e-01
41  8.681980e-03 1.394452e+01 3.765158e-01
42  8.641064e-03 1.266537e+01 3.758465e-01
43  8.599449e-03 1.150347e+01 3.751370e-01
44  8.557167e-03 1.044809e+01 3.743889e-01
45  8.514222e-03 9.489506e+00 3.736030e-01
46  8.470513e-03 8.618926e+00 3.727770e-01
47  8.425511e-03 7.828576e+00 3.718985e-01
48  8.376577e-03 7.112414e+00 3.709030e-01
49  8.308588e-03 6.470655e+00 3.694188e-01
50  8.121638e-03 5.940653e+00 3.649723e-01
51  7.162084e-03 5.813644e+00 3.406578e-01
52  3.998913e-03 7.332416e+00 2.469598e-01
53  2.328254e-03 8.852148e+00 1.830899e-01
54  2.128368e-03 8.405688e+00 1.742723e-01
55  2.099618e-03 7.665871e+00 1.730349e-01
56  2.089993e-03 6.957390e+00 1.726611e-01
57  2.083513e-03 6.309087e+00 1.724247e-01
58  2.077670e-03 5.720056e+00 1.722113e-01
59  2.071832e-03 5.185842e+00 1.719921e-01
60  2.065635e-03 4.701828e+00 1.717503e-01
61  2.058439e-03 4.264044e+00 1.714565e-01
62  2.048242e-03 3.870233e+00 1.710178e-01
63  2.027046e-03 3.524097e+00 1.700631e-01
64  1.958356e-03 3.255835e+00 1.668748e-01
65  1.692131e-03 3.214529e+00 1.539475e-01
66  1.083467e-03 3.740181e+00 1.203160e-01
67  7.280805e-04 4.193363e+00 9.655084e-02
68  6.550709e-04 4.016326e+00 9.107204e-02
69  6.394787e-04 3.682475e+00 8.987728e-02
70  6.340469e-04 3.348183e+00 8.946475e-02
71  6.309138e-04 3.038290e+00 8.922879e-02
72  6.282875e-04 2.755861e+00 8.902994e-02
73  6.253948e-04 2.500287e+00 8.880759e-02
74  6.212498e-04 2.271047e+00 8.848391e-02
75  6.132378e-04 2.070452e+00 8.785111e-02
76  5.925855e-04 1.911429e+00 8.620086e-02
77  5.317026e-04 1.843041e+00 8.118287e-02
78  3.971865e-04 1.968566e+00 6.908356e-02
79  2.770541e-04 2.169295e+00 5.659206e-02
80  2.351289e-04 2.144836e+00 5.167496e-02
81  2.234896e-04 1.994952e+00 5.024244e-02
82  2.191890e-04 1.824419e+00 4.970482e-02
83  2.167950e-04 1.660838e+00 4.940287e-02
84  2.148375e-04 1.510372e+00 4.915391e-02
85  2.126018e-04 1.374662e+00 4.886767e-02
86  2.091535e-04 1.255426e+00 4.842405e-02
87  2.022584e-04 1.158063e+00 4.753005e-02
88  1.862401e-04 1.099090e+00 4.540497e-02
89  1.531857e-04 1.111781e+00 4.074863e-02
90  1.141626e-04 1.184063e+00 3.462484e-02
91  9.281329e-05 1.199229e+00 3.087155e-02
92  8.499808e-05 1.138224e+00 2.940166e-02
93  8.186430e-05 1.051231e+00 2.879447e-02
94  8.014991e-05 9.622941e-01 2.845693e-02
95  7.882002e-05 8.787932e-01 2.819211e-02
96  7.739145e-05 8.033067e-01 2.790526e-02
97  7.535269e-05 7.378931e-01 2.749276e-02
98  7.173467e-05 6.866897e-01 2.675081e-02
99  6.475194e-05 6.588297e-01 2.527368e-02
100 5.341903e-05 6.645280e-01 2.271796e-02
101 4.215041e-05 6.854596e-01 1.992282e-02
102 3.572765e-05 6.788571e-01 1.817779e-02
103 3.287185e-05 6.428105e-01 1.735636e-02
104 3.147120e-05 5.956603e-01 1.694108e-02
105 3.057762e-05 5.475766e-01 1.667116e-02
106 2.980841e-05 5.025042e-01 1.643563e-02
107 2.893217e-05 4.623314e-01 1.616422e-02
108 2.767659e-05 4.289515e-01 1.576981e-02
109 2.561629e-05 4.055732e-01 1.510661e-02
110 2.234816e-05 3.964420e-01 1.400541e-02
111 1.840798e-05 3.997179e-01 1.257774e-02
112 1.534002e-05 3.998648e-01 1.136841e-02
113 1.363349e-05 3.859386e-01 1.064826e-02
114 1.274114e-05 3.623987e-01 1.025518e-02
115 1.219813e-05 3.358532e-01 1.000951e-02
116 1.177765e-05 3.098389e-01 9.815629e-03
117 1.135897e-05 2.860602e-01 9.619476e-03
118 1.084068e-05 2.657150e-01 9.372519e-03
119 1.009951e-05 2.502423e-01 9.010779e-03
120 9.021350e-06 2.413275e-01 8.463590e-03
121 7.689448e-06 2.387801e-01 7.746075e-03
122 6.490773e-06 2.372965e-01 7.051251e-03
123 5.696167e-06 2.306881e-01 6.558397e-03
124 5.231940e-06 2.187029e-01 6.255919e-03
125 4.941488e-06 2.042044e-01 6.060294e-03
126 4.723989e-06 1.894226e-01 5.910244e-03
127 4.522558e-06 1.755975e-01 5.768469e-03
128 4.296005e-06 1.635225e-01 5.605758e-03
129 4.004018e-06 1.539372e-01 5.390642e-03
130 3.614410e-06 1.475484e-01 5.092817e-03
131 3.146577e-06 1.442757e-01 4.715867e-03
132 2.701081e-06 1.420845e-01 4.332956e-03
133 2.370915e-06 1.381423e-01 4.030550e-03
134 2.157409e-06 1.316548e-01 3.824758e-03
135 2.016485e-06 1.236404e-01 3.683777e-03
136 1.910573e-06 1.152594e-01 3.574803e-03
137 1.815868e-06 1.072769e-01 3.475028e-03
138 1.715778e-06 1.001903e-01 3.367088e-03
139 1.596362e-06 9.439904e-02 3.234724e-03
140 1.448302e-06 9.021227e-02 3.064521e-03
141 1.277634e-06 8.755549e-02 2.858542e-03
142 1.112319e-06 8.556217e-02 2.647012e-03
143 9.811608e-07 8.297601e-02 2.468967e-03
144 8.892918e-07 7.925949e-02 2.337787e-03
145 8.251678e-07 7.473812e-02 2.242537e-03
146 7.760261e-07 6.996074e-02 2.167233e-03
147 7.327120e-07 6.535373e-02 2.099058e-03
148 6.887698e-07 6.120949e-02 2.028064e-03
149 6.392839e-07 5.774455e-02 1.945725e-03
150 5.814894e-07 5.509742e-02 1.845973e-03
151 5.174816e-07 5.320986e-02 1.730266e-03
152 4.554410e-07 5.168785e-02 1.611881e-03
153 4.040884e-07 4.996930e-02 1.508323e-03
154 3.658812e-07 4.776208e-02 1.427378e-03
155 3.378505e-07 4.516112e-02 1.365532e-03
156 3.158396e-07 4.241516e-02 1.315320e-03
157 2.965098e-07 3.974803e-02 1.269912e-03
158 2.774325e-07 3.732306e-02 1.223799e-03
159 2.568695e-07 3.525620e-02 1.172520e-03
160 2.339807e-07 3.361018e-02 1.113284e-03
161 2.095051e-07 3.234591e-02 1.047046e-03
162 1.859129e-07 3.127755e-02 9.798649e-04
163 1.658437e-07 3.014945e-02 9.196559e-04
164 1.502195e-07 2.881385e-02 8.704822e-04
165 1.382651e-07 2.729453e-02 8.312813e-04
166 1.286508e-07 2.570239e-02 7.986304e-04
167 1.201946e-07 2.415095e-02 7.689976e-04
168 1.120068e-07 2.272820e-02 7.394131e-04
169 1.034743e-07 2.149516e-02 7.075565e-04
170 9.433505e-08 2.048036e-02 6.721298e-04
171 8.484561e-08 1.965991e-02 6.337054e-04
172 7.576562e-08 1.894433e-02 5.951104e-04
173 6.789805e-08 1.821547e-02 5.599656e-04
174 6.155863e-08 1.740055e-02 5.302973e-04
175 5.653935e-08 1.650319e-02 5.058189e-04
176 5.241418e-08 1.557267e-02 4.849596e-04
177 4.877242e-08 1.466545e-02 4.659259e-04
178 4.529391e-08 1.382768e-02 4.471484e-04
179 4.176315e-08 1.309099e-02 4.274283e-04
180 3.809600e-08 1.246837e-02 4.061542e-04
181 3.437927e-08 1.194598e-02 3.836487e-04
182 3.084873e-08 1.148027e-02 3.612477e-04
183 2.774999e-08 1.101585e-02 3.406254e-04
184 2.518652e-08 1.051715e-02 3.227728e-04
185 2.309979e-08 9.983040e-03 3.076295e-04
186 2.135254e-08 9.435476e-03 2.944709e-04
187 1.980319e-08 8.902198e-03 2.823944e-04
188 1.833796e-08 8.406980e-03 2.705820e-04
189 1.688121e-08 7.965978e-03 2.584178e-04
190 1.540510e-08 7.585090e-03 2.456104e-04
191 1.393812e-08 7.256610e-03 2.323328e-04
192 1.255373e-08 6.959173e-03 2.192215e-04
193 1.132732e-08 6.666481e-03 2.070573e-04
194 1.029182e-08 6.361167e-03 1.963203e-04
195 9.429924e-09 6.041574e-03 1.870084e-04
196 8.696769e-09 5.717520e-03 1.787832e-04
197 8.043894e-09 5.402542e-03 1.711938e-04
198 7.431006e-09 5.108709e-03 1.638166e-04
199 6.831606e-09 4.844185e-03 1.563370e-04
200 6.236119e-09 4.611634e-03 1.486135e-04
201 5.653649e-09 4.406868e-03 1.407364e-04
202 5.107051e-09 4.219341e-03 1.330097e-04
203 4.619485e-09 4.036435e-03 1.258006e-04
204 4.201206e-09 3.849638e-03 1.193403e-04
205 3.846757e-09 3.657697e-03 1.136370e-04
206 3.541328e-09 3.465018e-03 1.085309e-04
207 3.268203e-09 3.278176e-03 1.037960e-04
208 3.013277e-09 3.103234e-03 9.921544e-05
209 2.767203e-09 2.944274e-03 9.462829e-05
210 2.526586e-09 2.802493e-03 8.996500e-05
211 2.294230e-09 2.675641e-03 8.527129e-05
212 2.077209e-09 2.558491e-03 8.069276e-05
213 1.882617e-09 2.444930e-03 7.640278e-05
214 1.713573e-09 2.330762e-03 7.251249e-05
215 1.568250e-09 2.215186e-03 6.902877e-05
216 1.441674e-09 2.100185e-03 6.587508e-05
217 1.328085e-09 1.988939e-03 6.293815e-05
218 1.222526e-09 1.884466e-03 6.010713e-05
219 1.121693e-09 1.788790e-03 5.729991e-05
220 1.024352e-09 1.702438e-03 5.448180e-05
221 9.313095e-10 1.624217e-03 5.167527e-05
222 8.447699e-10 1.551521e-03 4.895017e-05
223 7.668418e-10 1.481363e-03 4.638850e-05
224 6.984760e-10 1.411662e-03 4.404365e-05
225 6.390202e-10 1.341942e-03 4.191964e-05
226 5.867780e-10 1.273091e-03 3.997934e-05
227 5.397518e-10 1.206644e-03 3.816587e-05
228 4.961986e-10 1.144091e-03 3.642262e-05
229 4.549437e-10 1.086426e-03 3.470766e-05
230 4.155244e-10 1.033877e-03 3.300340e-05
231 3.781642e-10 9.858116e-04 3.132066e-05
232 3.435171e-10 9.409259e-04 2.969282e-05
233 3.122305e-10 8.977477e-04 2.815887e-05
234 2.845626e-10 8.552387e-04 2.674423e-05
235 2.602745e-10 8.131237e-04 2.545094e-05
236 2.387797e-10 7.718005e-04 2.426074e-05
237 2.193810e-10 7.320046e-04 2.314495e-05
238 2.014627e-10 6.944674e-04 2.207468e-05
239 1.846041e-10 6.596730e-04 2.102844e-05
240 1.686289e-10 6.277154e-04 1.999719e-05
241 1.535902e-10 5.982605e-04 1.898602e-05
242 1.396804e-10 5.706513e-04 1.801082e-05
243 1.270893e-10 5.441566e-04 1.709010e-05
244 1.158844e-10 5.182546e-04 1.623595e-05
245 1.059740e-10 4.927898e-04 1.544925e-05
246 9.715162e-11 4.679383e-04 1.472085e-05
247 8.917222e-11 4.440507e-04 1.403626e-05
248 8.181733e-11 4.214829e-04 1.338071e-05
249 7.493489e-11 4.004684e-04 1.274315e-05
250 6.845690e-11 3.810431e-04 1.211888e-05
251 6.239193e-11 3.630301e-04 1.151017e-05
252 5.679424e-11 3.460969e-04 1.092459e-05
253 5.171762e-11 3.298772e-04 1.037089e-05
254 4.717706e-11 3.141069e-04 9.854772e-06
255 4.313656e-11 2.986987e-04 9.376553e-06
256 3.952234e-11 2.837289e-04 8.931585e-06
257 3.624760e-11 2.693637e-04 8.512501e-06
258 3.323414e-11 2.557746e-04 8.111722e-06
259 3.042669e-11 2.430728e-04 7.723556e-06
260 2.779853e-11 2.312700e-04 7.345505e-06
261 2.534889e-11 2.202723e-04 6.978565e-06
262 2.309189e-11 2.099102e-04 6.626271e-06
263 2.104189e-11 1.999989e-04 6.292763e-06
264 1.920090e-11 1.904037e-04 5.980704e-06
265 1.755464e-11 1.810755e-04 5.690152e-06
266 1.607628e-11 1.720463e-04 5.418717e-06
267 1.473477e-11 1.633940e-04 5.162628e-06
268 1.350195e-11 1.552007e-04 4.917983e-06
269 1.235746e-11 1.475184e-04 4.681826e-06
270 1.129078e-11 1.403496e-04 4.452816e-06
271 1.030009e-11 1.336438e-04 4.231352e-06
272 9.388676e-12 1.273141e-04 4.019087e-06
273 8.559847e-12 1.212665e-04 3.817951e-06
274 7.813093e-12 1.154315e-04 3.629172e-06
275 7.142622e-12 1.097818e-04 3.452709e-06
276 6.538653e-12 1.043299e-04 3.287321e-06
277 5.989868e-12 9.911200e-05 3.131051e-06
278 5.486120e-12 9.416672e-05 2.981897e-06
279 5.019796e-12 8.951799e-05 2.838303e-06
280 4.586728e-12 8.516483e-05 2.699545e-06
281 4.185691e-12 8.108015e-05 2.565761e-06
282 3.817170e-12 7.721897e-05 2.437707e-06
283 3.481728e-12 7.353311e-05 2.316277e-06
284 3.178709e-12 6.998645e-05 2.202026e-06
285 2.905755e-12 6.656356e-05 2.094885e-06
286 2.659229e-12 6.326892e-05 1.994199e-06
287 2.435006e-12 6.011891e-05 1.898952e-06
288 2.229358e-12 5.713144e-05 1.808104e-06
289 2.039434e-12 5.431716e-05 1.720834e-06
290 1.863568e-12 5.167430e-05 1.636746e-06
291 1.701096e-12 4.918824e-05 1.555869e-06
292 1.551937e-12 4.683552e-05 1.478539e-06
293 1.416062e-12 4.459119e-05 1.405166e-06
294 1.293057e-12 4.243627e-05 1.335991e-06
295 1.181970e-12 4.036200e-05 1.270956e-06
296 1.081425e-12 3.836959e-05 1.209706e-06
297 9.899033e-13 3.646628e-05 1.151710e-06
298 9.060111e-13 3.466019e-05 1.096417e-06
299 8.286861e-13 3.295588e-05 1.043400e-06
300 7.572484e-13 3.135171e-05 9.924302e-07
301 6.913585e-13 2.983963e-05 9.434944e-07
302 6.309977e-13 2.840728e-05 8.967922e-07
303 5.758993e-13 2.704166e-05 8.524141e-07
304 5.259436e-13 2.573273e-05 8.105128e-07
305 4.807381e-13 2.447550e-05 7.710395e-07
306 4.397562e-13 2.326996e-05 7.338000e-07
307 4.024265e-13 2.211916e-05 6.985112e-07
308 3.682280e-13 2.102664e-05 6.648819e-07
309 3.367524e-13 1.999423e-05 6.326813e-07
310 3.077316e-13 1.902065e-05 6.017849e-07
311 2.810152e-13 1.810144e-05 5.721758e-07
312 2.565166e-13 1.723004e-05 5.439082e-07
313 2.341837e-13 1.639960e-05 5.170692e-07
314 2.139048e-13 1.560473e-05 4.916927e-07
315 1.955160e-13 1.484259e-05 4.677411e-07
316 1.788195e-13 1.411282e-05 4.451101e-07
317 1.636017e-13 1.341660e-05 4.236499e-07
318 1.496665e-13 1.275542e-05 4.032058e-07
319 1.368572e-13 1.212988e-05 3.836536e-07
320 1.250662e-13 1.153907e-05 3.649228e-07
321 1.142231e-13 1.098051e-05 3.469944e-07
322 1.042915e-13 1.045067e-05 3.298941e-07
323 9.523548e-14 9.945907e-06 3.136531e-07
324 8.697153e-14 9.463315e-06 2.982563e-07
325 7.951235e-14 9.001258e-06 2.837396e-07
326 7.271096e-14 8.559337e-06 2.699900e-07
327 6.651049e-14 8.137945e-06 2.569459e-07
328 6.083470e-14 7.737637e-06 2.445230e-07
329 5.562297e-14 7.358548e-06 2.326535e-07
330 5.083136e-14 7.000056e-06 2.212968e-07
331 4.643061e-14 6.660758e-06 2.104394e-07
332 4.240035e-14 6.338747e-06 2.000872e-07
333 3.872235e-14 6.032061e-06 1.902509e-07
334 3.537534e-14 5.739114e-06 1.809320e-07
335 3.233290e-14 5.458955e-06 1.721145e-07
336 2.956462e-14 5.191261e-06 1.637651e-07
337 2.703929e-14 4.936112e-06 1.558396e-07
338 2.472835e-14 4.693673e-06 1.482934e-07
339 2.260833e-14 4.463904e-06 1.410903e-07
340 2.066023e-14 4.246392e-06 1.341997e-07
341 1.887407e-14 4.040341e-06 1.276261e-07
342 1.723842e-14 3.844708e-06 1.213583e-07
343 1.574423e-14 3.658426e-06 1.153960e-07
344 1.438524e-14 3.480623e-06 1.097526e-07
345 1.315038e-14 3.310745e-06 1.044155e-07
346 1.202076e-14 3.148554e-06 9.933166e-08
347 1.099268e-14 2.994015e-06 9.451831e-08
348 1.005199e-14 2.847145e-06 8.993550e-08
349 9.189528e-15 2.707861e-06 8.556325e-08
350 8.398114e-15 2.575896e-06 8.138769e-08
351 7.672407e-15 2.450793e-06 7.740222e-08
352 7.008235e-15 2.331975e-06 7.360507e-08
353 6.401826e-15 2.218857e-06 6.999583e-08
354 5.849220e-15 2.110954e-06 6.657195e-08
355 5.346026e-15 2.007940e-06 6.332678e-08
356 4.887531e-15 1.909649e-06 6.024943e-08
357 4.469027e-15 1.816024e-06 5.732637e-08
358 4.086203e-15 1.727031e-06 5.454399e-08
359 3.735412e-15 1.642590e-06 5.189080e-08
360 3.413732e-15 1.562531e-06 4.935862e-08
361 3.118959e-15 1.486588e-06 4.694341e-08
362 2.849207e-15 1.414441e-06 4.464258e-08
363 2.602955e-15 1.345765e-06 4.245615e-08
364 2.378360e-15 1.280288e-06 4.038022e-08
365 2.173730e-15 1.217817e-06 3.841156e-08
366 1.987181e-15 1.158243e-06 3.654372e-08
367 1.816870e-15 1.101510e-06 3.476913e-08
368 1.661105e-15 1.047576e-06 3.308015e-08
369 1.518436e-15 9.963794e-07 3.147027e-08
370 1.387690e-15 9.478112e-07 2.993477e-08
371 1.267925e-15 9.017181e-07 2.847076e-08
372 1.158366e-15 8.579188e-07 2.707665e-08
373 1.058304e-15 8.162319e-07 2.575122e-08
374 9.670354e-16 7.765022e-07 2.449277e-08
375 8.838305e-16 7.386165e-07 2.329863e-08
376 8.079421e-16 7.025033e-07 2.216510e-08
377 7.386460e-16 6.681192e-07 2.108793e-08
378 6.752760e-16 6.354288e-07 2.006283e-08
379 6.172560e-16 6.043859e-07 1.908607e-08
380 5.641099e-16 5.749229e-07 1.815488e-08
381 5.154483e-16 5.469502e-07 1.726742e-08
382 4.709436e-16 5.203645e-07 1.642253e-08
383 4.303049e-16 4.950633e-07 1.561933e-08
384 3.931876e-16 4.709582e-07 1.485604e-08
385 3.593564e-16 4.479818e-07 1.413171e-08
386 3.284874e-16 4.260882e-07 1.344387e-08
387 3.002963e-16 4.052462e-07 1.279013e-08
388 2.745187e-16 3.854291e-07 1.216803e-08
389 2.509247e-16 3.666053e-07 1.157544e-08
390 2.293207e-16 3.487328e-07 1.101071e-08
391 2.095460e-16 3.317586e-07 1.047268e-08
392 1.914613e-16 3.156236e-07 9.960502e-09
393 1.749415e-16 3.002693e-07 9.473493e-09
394 1.598647e-16 2.856447e-07 9.010842e-09
395 1.461061e-16 2.717098e-07 8.571424e-09
396 1.335561e-16 2.584356e-07 8.154193e-09
397 1.220806e-16 2.458009e-07 7.757291e-09
398 1.116038e-16 2.337866e-07 7.379979e-09
399 1.020058e-16 2.223718e-07 7.020394e-09
400 9.322446e-17 2.115302e-07 6.677923e-09
401 8.518810e-17 2.012307e-07 6.351714e-09
402 7.783952e-17 1.914392e-07 6.041228e-09
403 7.112616e-17 1.821221e-07 5.745975e-09
404 6.499751e-17 1.732498e-07 5.465419e-09
405 5.940427e-17 1.647984e-07 5.198916e-09
406 5.429833e-17 1.567497e-07 4.945711e-09
407 4.963408e-17 1.490896e-07 4.704986e-09
408 4.536977e-17 1.418053e-07 4.475939e-09
409 4.146853e-17 1.348830e-07 4.257854e-09
410 3.789851e-17 1.283065e-07 4.050144e-09
411 3.463234e-17 1.220575e-07 3.852352e-09
412 3.164602e-17 1.161161e-07 3.664114e-09
413 2.891763e-17 1.104628e-07 3.485103e-09
414 2.642640e-17 1.050805e-07 3.314970e-09
415 2.415224e-17 9.995468e-08 3.153321e-09
416 2.207581e-17 9.507416e-08 2.999707e-09
417 2.017884e-17 9.042968e-08 2.853650e-09
418 1.844461e-17 8.601282e-08 2.714683e-09
419 1.685832e-17 8.181477e-08 2.582390e-09
420 1.540705e-17 7.782563e-08 2.456419e-09
421 1.407952e-17 7.403437e-08 2.336484e-09
422 1.286584e-17 7.042940e-08 2.222353e-09
423 1.175692e-17 6.699943e-08 2.113811e-09
424 1.074424e-17 6.373432e-08 2.010638e-09
425 9.819606e-18 6.062548e-08 1.912590e-09
426 8.975225e-18 5.766590e-08 1.819400e-09
427 8.203765e-18 5.484968e-08 1.730787e-09
428 7.498522e-18 5.217138e-08 1.646478e-09
429 6.853533e-18 4.962540e-08 1.566229e-09
430 6.263542e-18 4.720568e-08 1.489828e-09
431 5.723951e-18 4.490563e-08 1.417101e-09
432 5.230672e-18 4.271844e-08 1.347898e-09
433 4.779943e-18 4.063751e-08 1.282082e-09
434 4.368277e-18 3.865685e-08 1.219513e-09
435 3.992342e-18 3.677129e-08 1.160043e-09
436 3.648987e-18 3.497652e-08 1.103511e-09
437 3.335266e-18 3.326878e-08 1.049752e-09
438 3.048487e-18 3.164463e-08 9.986061e-10
439 2.786238e-18 3.010054e-08 9.499284e-10
440 2.546389e-18 2.863281e-08 9.035918e-10
441 2.327055e-18 2.723749e-08 8.594886e-10
442 2.126553e-18 2.591055e-08 8.175250e-10
443 1.943347e-18 2.464812e-08 7.776146e-10
444 1.775997e-18 2.344664e-08 7.396695e-10
445 1.623152e-18 2.230302e-08 7.035985e-10
446 1.483537e-18 2.121458e-08 6.693054e-10
447 1.355965e-18 2.017898e-08 6.366928e-10
448 1.239354e-18 1.919404e-08 6.056667e-10
449 1.132724e-18 1.825757e-08 5.761394e-10
450 1.035223e-18 1.736729e-08 5.480376e-10
451 9.460611e-19 1.652084e-08 5.212912e-10
452 8.645625e-19 1.571585e-08 4.958444e-10
453 7.900839e-19 1.495000e-08 4.716407e-10
454 7.220738e-19 1.422119e-08 4.486323e-10
455 6.598813e-19 1.352755e-08 4.267446e-10
456 6.032136e-19 1.286745e-08 4.059620e-10
457 5.512376e-19 1.223943e-08 3.861588e-10
458 5.040082e-19 1.164211e-08 3.673738e-10
459 4.604013e-19 1.107414e-08 3.494150e-10
460 4.208850e-19 1.053413e-08 3.323944e-10
461 3.846148e-19 1.002067e-08 3.161694e-10
462 3.515075e-19 9.532324e-09 3.007420e-10
463 3.213554e-19 9.067739e-09 2.860880e-10
464 2.932098e-19 8.625655e-09 2.720378e-10
465 2.688969e-19 8.204946e-09 2.589506e-10
466 2.446947e-19 7.804611e-09 2.461172e-10
467 2.238040e-19 7.423743e-09 2.341558e-10
468 2.047269e-19 7.061489e-09 2.227775e-10
469 1.872310e-19 6.717011e-09 2.119393e-10
470 1.710580e-19 6.389464e-09 2.015907e-10
471 1.558536e-19 6.077993e-09 1.916637e-10
472 1.430200e-19 5.781752e-09 1.824269e-10
473 1.305464e-19 5.499930e-09 1.734938e-10
474 1.193473e-19 5.231774e-09 1.650379e-10
475 1.090804e-19 4.976605e-09 1.569902e-10
476 9.969511e-20 4.733807e-09 1.493363e-10
477 9.111888e-20 4.502820e-09 1.420568e-10
478 8.327987e-20 4.283117e-09 1.351317e-10
479 7.611361e-20 4.074184e-09 1.285427e-10
480 6.956178e-20 3.875509e-09 1.222729e-10
481 6.357239e-20 3.686575e-09 1.163072e-10
482 5.809762e-20 3.506876e-09 1.106318e-10
483 5.309530e-20 3.335924e-09 1.052336e-10
484 4.852264e-20 3.173269e-09 1.000998e-10
485 4.435121e-20 3.018500e-09 9.521875e-11
486 4.052520e-20 2.871241e-09 9.057435e-11
487 3.705142e-20 2.731151e-09 8.616118e-11
488 3.385770e-20 2.597903e-09 8.195964e-11
489 3.096198e-20 2.471182e-09 7.796571e-11
490 2.824107e-20 2.350675e-09 7.415478e-11
491 2.590960e-20 2.236071e-09 7.055096e-11
492 2.355310e-20 2.127065e-09 6.709207e-11
493 2.152785e-20 2.023368e-09 6.381661e-11
494 1.989799e-20 1.924707e-09 6.073840e-11
495 1.757701e-20 1.830834e-09 5.768853e-11
496 1.700826e-20 1.741521e-09 5.500663e-11
497 1.449024e-20 1.656558e-09 5.218683e-11
498 1.345517e-20 1.575743e-09 4.965023e-11
499 1.383076e-20 1.498884e-09 4.747597e-11
500 1.149573e-20 1.425789e-09 4.497917e-11
501 1.050574e-20 1.356272e-09 4.278484e-11
